120
1	6	2	7	77	82	78	83	
1
1
1
2	7	3	8	78	83	79	84	
1
1
1
3	8	4	9	79	84	80	85	
1
1
1
4	9	5	10	80	85	81	86	
1
1
1
6	11	7	12	82	87	83	88	
1
1
1
7	12	8	13	83	88	84	89	
1
1
1
8	13	9	14	84	89	85	90	
1
1
1
9	14	10	15	85	90	86	91	
1
1
1
11	16	12	17	87	92	88	93	
1
1
1
12	17	13	18	88	93	89	94	
1
1
1
13	18	14	19	89	94	90	95	
1
1
1
14	19	15	20	90	95	91	96	
1
1
1
16	21	17	22	92	97	93	98	
1
1
1
17	22	18	23	93	98	94	99	
1
1
1
18	23	19	24	94	99	95	100	
1
1
1
19	24	20	25	95	100	96	101	
1
1
1
21	26	22	27	97	102	98	103	
1
1
1
22	27	23	28	98	103	99	104	
1
1
1
23	28	24	29	99	104	100	105	
1
1
1
24	29	25	30	100	105	101	106	
1
1
1
26	31	27	32	102	107	103	108	
1
1
1
27	32	28	33	103	108	104	109	
1
1
1
28	33	29	34	104	109	105	110	
1
1
1
29	34	30	35	105	110	106	111	
1
1
1
31	36	32	37	107	112	108	113	
1
1
1
32	37	33	38	108	113	109	114	
1
1
1
33	38	34	39	109	114	110	115	
1
1
1
34	39	35	40	110	115	111	116	
1
1
1
36	41	37	42	112	117	113	118	
1
1
1
37	42	38	43	113	118	114	119	
1
1
1
38	43	39	44	114	119	115	120	
1
1
1
39	44	40	45	115	120	116	121	
1
1
1
41	46	42	47	117	122	118	123	
1
1
1
42	47	43	48	118	123	119	124	
1
1
1
43	48	44	49	119	124	120	125	
1
1
1
44	49	45	50	120	125	121	126	
1
1
1
46	51	47	52	122	127	123	128	
1
1
1
47	52	48	53	123	128	124	129	
1
1
1
48	53	49	54	124	129	125	130	
1
1
1
49	54	50	55	125	130	126	131	
1
1
1
51	56	52	57	127	132	128	133	
1
1
1
52	57	53	58	128	133	129	134	
1
1
1
53	58	54	59	129	134	130	135	
1
1
1
54	59	55	60	130	135	131	136	
1
1
1
56	61	57	62	132	137	133	138	
1
1
1
57	62	58	63	133	138	134	139	
1
1
1
58	63	59	64	134	139	135	140	
1
1
1
59	64	60	65	135	140	136	141	
1
1
1
61	66	62	67	137	142	138	143	
1
1
1
62	67	63	68	138	143	139	144	
1
1
1
63	68	64	69	139	144	140	145	
1
1
1
64	69	65	70	140	145	141	146	
1
1
1
66	71	67	72	142	147	143	148	
1
1
1
67	72	68	73	143	148	144	149	
1
1
1
68	73	69	74	144	149	145	150	
1
1
1
69	74	70	75	145	150	146	151	
1
1
1
71	1	72	2	147	77	148	78	
1
1
1
72	2	73	3	148	78	149	79	
1
1
1
73	3	74	4	149	79	150	80	
1
1
1
74	4	75	5	150	80	151	81	
1
1
1
77	82	78	83	153	158	154	159	
1
1
1
78	83	79	84	154	159	155	160	
1
1
1
79	84	80	85	155	160	156	161	
1
1
1
80	85	81	86	156	161	157	162	
1
1
1
82	87	83	88	158	163	159	164	
1
1
1
83	88	84	89	159	164	160	165	
1
1
1
84	89	85	90	160	165	161	166	
1
1
1
85	90	86	91	161	166	162	167	
1
1
1
87	92	88	93	163	168	164	169	
1
1
1
88	93	89	94	164	169	165	170	
1
1
1
89	94	90	95	165	170	166	171	
1
1
1
90	95	91	96	166	171	167	172	
1
1
1
92	97	93	98	168	173	169	174	
1
1
1
93	98	94	99	169	174	170	175	
1
1
1
94	99	95	100	170	175	171	176	
1
1
1
95	100	96	101	171	176	172	177	
1
1
1
97	102	98	103	173	178	174	179	
1
1
1
98	103	99	104	174	179	175	180	
1
1
1
99	104	100	105	175	180	176	181	
1
1
1
100	105	101	106	176	181	177	182	
1
1
1
102	107	103	108	178	183	179	184	
1
1
1
103	108	104	109	179	184	180	185	
1
1
1
104	109	105	110	180	185	181	186	
1
1
1
105	110	106	111	181	186	182	187	
1
1
1
107	112	108	113	183	188	184	189	
1
1
1
108	113	109	114	184	189	185	190	
1
1
1
109	114	110	115	185	190	186	191	
1
1
1
110	115	111	116	186	191	187	192	
1
1
1
112	117	113	118	188	193	189	194	
1
1
1
113	118	114	119	189	194	190	195	
1
1
1
114	119	115	120	190	195	191	196	
1
1
1
115	120	116	121	191	196	192	197	
1
1
1
117	122	118	123	193	198	194	199	
1
1
1
118	123	119	124	194	199	195	200	
1
1
1
119	124	120	125	195	200	196	201	
1
1
1
120	125	121	126	196	201	197	202	
1
1
1
122	127	123	128	198	203	199	204	
1
1
1
123	128	124	129	199	204	200	205	
1
1
1
124	129	125	130	200	205	201	206	
1
1
1
125	130	126	131	201	206	202	207	
1
1
1
127	132	128	133	203	208	204	209	
1
1
1
128	133	129	134	204	209	205	210	
1
1
1
129	134	130	135	205	210	206	211	
1
1
1
130	135	131	136	206	211	207	212	
1
1
1
132	137	133	138	208	213	209	214	
1
1
1
133	138	134	139	209	214	210	215	
1
1
1
134	139	135	140	210	215	211	216	
1
1
1
135	140	136	141	211	216	212	217	
1
1
1
137	142	138	143	213	218	214	219	
1
1
1
138	143	139	144	214	219	215	220	
1
1
1
139	144	140	145	215	220	216	221	
1
1
1
140	145	141	146	216	221	217	222	
1
1
1
142	147	143	148	218	223	219	224	
1
1
1
143	148	144	149	219	224	220	225	
1
1
1
144	149	145	150	220	225	221	226	
1
1
1
145	150	146	151	221	226	222	227	
1
1
1
147	77	148	78	223	153	224	154	
1
1
1
148	78	149	79	224	154	225	155	
1
1
1
149	79	150	80	225	155	226	156	
1
1
1
150	80	151	81	226	156	227	157	
1
1
1
