v 0	0	0
v 0.285714	0	0
v 0.857143	0	0
v 2	0	0
v 2.75	0	0
v 5	0	0
v 0.261013	0.11621	0
v 0.783039	0.348631	0
v 1.82709	0.813473	0
v 2.51225	1.11853	0
v 4.56773	2.03368	0
v 0.19118	0.212327	0
v 0.573541	0.636981	0
v 1.33826	1.48629	0
v 1.84011	2.04365	0
v 3.34565	3.71572	0
v 0.0882906	0.27173	0
v 0.264872	0.815191	0
v 0.618034	1.90211	0
v 0.849797	2.61541	0
v 1.54508	4.75528	0
v -0.0298653	0.284149	0
v -0.0895958	0.852447	0
v -0.209057	1.98904	0
v -0.287453	2.73494	0
v -0.522642	4.97261	0
v -0.142857	0.247436	0
v -0.428571	0.742307	0
v -1	1.73205	0
v -1.375	2.38157	0
v -2.5	4.33013	0
v -0.231148	0.167939	0
v -0.693443	0.503816	0
v -1.61803	1.17557	0
v -2.2248	1.61641	0
v -4.04508	2.93893	0
v -0.279471	0.0594033	0
v -0.838412	0.17821	0
v -1.9563	0.415823	0
v -2.68991	0.571757	0
v -4.89074	1.03956	0
v -0.279471	-0.0594033	0
v -0.838412	-0.17821	0
v -1.9563	-0.415823	0
v -2.68991	-0.571757	0
v -4.89074	-1.03956	0
v -0.231148	-0.167939	0
v -0.693443	-0.503816	0
v -1.61803	-1.17557	0
v -2.2248	-1.61641	0
v -4.04508	-2.93893	0
v -0.142857	-0.247436	0
v -0.428571	-0.742307	0
v -1	-1.73205	0
v -1.375	-2.38157	0
v -2.5	-4.33013	0
v -0.0298653	-0.284149	0
v -0.0895958	-0.852447	0
v -0.209057	-1.98904	0
v -0.287453	-2.73494	0
v -0.522642	-4.97261	0
v 0.0882906	-0.27173	0
v 0.264872	-0.815191	0
v 0.618034	-1.90211	0
v 0.849797	-2.61541	0
v 1.54508	-4.75528	0
v 0.19118	-0.212327	0
v 0.573541	-0.636981	0
v 1.33826	-1.48629	0
v 1.84011	-2.04365	0
v 3.34565	-3.71572	0
v 0.261013	-0.11621	0
v 0.783039	-0.348631	0
v 1.82709	-0.813473	0
v 2.51225	-1.11853	0
v 4.56773	-2.03368	0
v 0	0	2.5
v 0.285714	0	2.5
v 0.857143	0	2.5
v 2	0	2.5
v 2.75	0	2.5
v 5	0	2.5
v 0.261013	0.11621	2.5
v 0.783039	0.348631	2.5
v 1.82709	0.813473	2.5
v 2.51225	1.11853	2.5
v 4.56773	2.03368	2.5
v 0.19118	0.212327	2.5
v 0.573541	0.636981	2.5
v 1.33826	1.48629	2.5
v 1.84011	2.04365	2.5
v 3.34565	3.71572	2.5
v 0.0882906	0.27173	2.5
v 0.264872	0.815191	2.5
v 0.618034	1.90211	2.5
v 0.849797	2.61541	2.5
v 1.54508	4.75528	2.5
v -0.0298653	0.284149	2.5
v -0.0895958	0.852447	2.5
v -0.209057	1.98904	2.5
v -0.287453	2.73494	2.5
v -0.522642	4.97261	2.5
v -0.142857	0.247436	2.5
v -0.428571	0.742307	2.5
v -1	1.73205	2.5
v -1.375	2.38157	2.5
v -2.5	4.33013	2.5
v -0.231148	0.167939	2.5
v -0.693443	0.503816	2.5
v -1.61803	1.17557	2.5
v -2.2248	1.61641	2.5
v -4.04508	2.93893	2.5
v -0.279471	0.0594033	2.5
v -0.838412	0.17821	2.5
v -1.9563	0.415823	2.5
v -2.68991	0.571757	2.5
v -4.89074	1.03956	2.5
v -0.279471	-0.0594033	2.5
v -0.838412	-0.17821	2.5
v -1.9563	-0.415823	2.5
v -2.68991	-0.571757	2.5
v -4.89074	-1.03956	2.5
v -0.231148	-0.167939	2.5
v -0.693443	-0.503816	2.5
v -1.61803	-1.17557	2.5
v -2.2248	-1.61641	2.5
v -4.04508	-2.93893	2.5
v -0.142857	-0.247436	2.5
v -0.428571	-0.742307	2.5
v -1	-1.73205	2.5
v -1.375	-2.38157	2.5
v -2.5	-4.33013	2.5
v -0.0298653	-0.284149	2.5
v -0.0895958	-0.852447	2.5
v -0.209057	-1.98904	2.5
v -0.287453	-2.73494	2.5
v -0.522642	-4.97261	2.5
v 0.0882906	-0.27173	2.5
v 0.264872	-0.815191	2.5
v 0.618034	-1.90211	2.5
v 0.849797	-2.61541	2.5
v 1.54508	-4.75528	2.5
v 0.19118	-0.212327	2.5
v 0.573541	-0.636981	2.5
v 1.33826	-1.48629	2.5
v 1.84011	-2.04365	2.5
v 3.34565	-3.71572	2.5
v 0.261013	-0.11621	2.5
v 0.783039	-0.348631	2.5
v 1.82709	-0.813473	2.5
v 2.51225	-1.11853	2.5
v 4.56773	-2.03368	2.5
v 0	0	5
v 0.285714	0	5
v 0.857143	0	5
v 2	0	5
v 2.75	0	5
v 5	0	5
v 0.261013	0.11621	5
v 0.783039	0.348631	5
v 1.82709	0.813473	5
v 2.51225	1.11853	5
v 4.56773	2.03368	5
v 0.19118	0.212327	5
v 0.573541	0.636981	5
v 1.33826	1.48629	5
v 1.84011	2.04365	5
v 3.34565	3.71572	5
v 0.0882906	0.27173	5
v 0.264872	0.815191	5
v 0.618034	1.90211	5
v 0.849797	2.61541	5
v 1.54508	4.75528	5
v -0.0298653	0.284149	5
v -0.0895958	0.852447	5
v -0.209057	1.98904	5
v -0.287453	2.73494	5
v -0.522642	4.97261	5
v -0.142857	0.247436	5
v -0.428571	0.742307	5
v -1	1.73205	5
v -1.375	2.38157	5
v -2.5	4.33013	5
v -0.231148	0.167939	5
v -0.693443	0.503816	5
v -1.61803	1.17557	5
v -2.2248	1.61641	5
v -4.04508	2.93893	5
v -0.279471	0.0594033	5
v -0.838412	0.17821	5
v -1.9563	0.415823	5
v -2.68991	0.571757	5
v -4.89074	1.03956	5
v -0.279471	-0.0594033	5
v -0.838412	-0.17821	5
v -1.9563	-0.415823	5
v -2.68991	-0.571757	5
v -4.89074	-1.03956	5
v -0.231148	-0.167939	5
v -0.693443	-0.503816	5
v -1.61803	-1.17557	5
v -2.2248	-1.61641	5
v -4.04508	-2.93893	5
v -0.142857	-0.247436	5
v -0.428571	-0.742307	5
v -1	-1.73205	5
v -1.375	-2.38157	5
v -2.5	-4.33013	5
v -0.0298653	-0.284149	5
v -0.0895958	-0.852447	5
v -0.209057	-1.98904	5
v -0.287453	-2.73494	5
v -0.522642	-4.97261	5
v 0.0882906	-0.27173	5
v 0.264872	-0.815191	5
v 0.618034	-1.90211	5
v 0.849797	-2.61541	5
v 1.54508	-4.75528	5
v 0.19118	-0.212327	5
v 0.573541	-0.636981	5
v 1.33826	-1.48629	5
v 1.84011	-2.04365	5
v 3.34565	-3.71572	5
v 0.261013	-0.11621	5
v 0.783039	-0.348631	5
v 1.82709	-0.813473	5
v 2.51225	-1.11853	5
v 4.56773	-2.03368	5