240
1	6	2	7	152	157	153	158	
1
1
1
2	7	3	8	153	158	154	159	
1
1
1
3	8	4	9	154	159	155	160	
1
1
1
4	9	5	10	155	160	156	161	
1
1
1
6	11	7	12	157	162	158	163	
1
1
1
7	12	8	13	158	163	159	164	
1
1
1
8	13	9	14	159	164	160	165	
1
1
1
9	14	10	15	160	165	161	166	
1
1
1
11	16	12	17	162	167	163	168	
1
1
1
12	17	13	18	163	168	164	169	
1
1
1
13	18	14	19	164	169	165	170	
1
1
1
14	19	15	20	165	170	166	171	
1
1
1
16	21	17	22	167	172	168	173	
1
1
1
17	22	18	23	168	173	169	174	
1
1
1
18	23	19	24	169	174	170	175	
1
1
1
19	24	20	25	170	175	171	176	
1
1
1
21	26	22	27	172	177	173	178	
1
1
1
22	27	23	28	173	178	174	179	
1
1
1
23	28	24	29	174	179	175	180	
1
1
1
24	29	25	30	175	180	176	181	
1
1
1
26	31	27	32	177	182	178	183	
1
1
1
27	32	28	33	178	183	179	184	
1
1
1
28	33	29	34	179	184	180	185	
1
1
1
29	34	30	35	180	185	181	186	
1
1
1
31	36	32	37	182	187	183	188	
1
1
1
32	37	33	38	183	188	184	189	
1
1
1
33	38	34	39	184	189	185	190	
1
1
1
34	39	35	40	185	190	186	191	
1
1
1
36	41	37	42	187	192	188	193	
1
1
1
37	42	38	43	188	193	189	194	
1
1
1
38	43	39	44	189	194	190	195	
1
1
1
39	44	40	45	190	195	191	196	
1
1
1
41	46	42	47	192	197	193	198	
1
1
1
42	47	43	48	193	198	194	199	
1
1
1
43	48	44	49	194	199	195	200	
1
1
1
44	49	45	50	195	200	196	201	
1
1
1
46	51	47	52	197	202	198	203	
1
1
1
47	52	48	53	198	203	199	204	
1
1
1
48	53	49	54	199	204	200	205	
1
1
1
49	54	50	55	200	205	201	206	
1
1
1
51	56	52	57	202	207	203	208	
1
1
1
52	57	53	58	203	208	204	209	
1
1
1
53	58	54	59	204	209	205	210	
1
1
1
54	59	55	60	205	210	206	211	
1
1
1
56	61	57	62	207	212	208	213	
1
1
1
57	62	58	63	208	213	209	214	
1
1
1
58	63	59	64	209	214	210	215	
1
1
1
59	64	60	65	210	215	211	216	
1
1
1
61	66	62	67	212	217	213	218	
1
1
1
62	67	63	68	213	218	214	219	
1
1
1
63	68	64	69	214	219	215	220	
1
1
1
64	69	65	70	215	220	216	221	
1
1
1
66	71	67	72	217	222	218	223	
1
1
1
67	72	68	73	218	223	219	224	
1
1
1
68	73	69	74	219	224	220	225	
1
1
1
69	74	70	75	220	225	221	226	
1
1
1
71	76	72	77	222	227	223	228	
1
1
1
72	77	73	78	223	228	224	229	
1
1
1
73	78	74	79	224	229	225	230	
1
1
1
74	79	75	80	225	230	226	231	
1
1
1
76	81	77	82	227	232	228	233	
1
1
1
77	82	78	83	228	233	229	234	
1
1
1
78	83	79	84	229	234	230	235	
1
1
1
79	84	80	85	230	235	231	236	
1
1
1
81	86	82	87	232	237	233	238	
1
1
1
82	87	83	88	233	238	234	239	
1
1
1
83	88	84	89	234	239	235	240	
1
1
1
84	89	85	90	235	240	236	241	
1
1
1
86	91	87	92	237	242	238	243	
1
1
1
87	92	88	93	238	243	239	244	
1
1
1
88	93	89	94	239	244	240	245	
1
1
1
89	94	90	95	240	245	241	246	
1
1
1
91	96	92	97	242	247	243	248	
1
1
1
92	97	93	98	243	248	244	249	
1
1
1
93	98	94	99	244	249	245	250	
1
1
1
94	99	95	100	245	250	246	251	
1
1
1
96	101	97	102	247	252	248	253	
1
1
1
97	102	98	103	248	253	249	254	
1
1
1
98	103	99	104	249	254	250	255	
1
1
1
99	104	100	105	250	255	251	256	
1
1
1
101	106	102	107	252	257	253	258	
1
1
1
102	107	103	108	253	258	254	259	
1
1
1
103	108	104	109	254	259	255	260	
1
1
1
104	109	105	110	255	260	256	261	
1
1
1
106	111	107	112	257	262	258	263	
1
1
1
107	112	108	113	258	263	259	264	
1
1
1
108	113	109	114	259	264	260	265	
1
1
1
109	114	110	115	260	265	261	266	
1
1
1
111	116	112	117	262	267	263	268	
1
1
1
112	117	113	118	263	268	264	269	
1
1
1
113	118	114	119	264	269	265	270	
1
1
1
114	119	115	120	265	270	266	271	
1
1
1
116	121	117	122	267	272	268	273	
1
1
1
117	122	118	123	268	273	269	274	
1
1
1
118	123	119	124	269	274	270	275	
1
1
1
119	124	120	125	270	275	271	276	
1
1
1
121	126	122	127	272	277	273	278	
1
1
1
122	127	123	128	273	278	274	279	
1
1
1
123	128	124	129	274	279	275	280	
1
1
1
124	129	125	130	275	280	276	281	
1
1
1
126	131	127	132	277	282	278	283	
1
1
1
127	132	128	133	278	283	279	284	
1
1
1
128	133	129	134	279	284	280	285	
1
1
1
129	134	130	135	280	285	281	286	
1
1
1
131	136	132	137	282	287	283	288	
1
1
1
132	137	133	138	283	288	284	289	
1
1
1
133	138	134	139	284	289	285	290	
1
1
1
134	139	135	140	285	290	286	291	
1
1
1
136	141	137	142	287	292	288	293	
1
1
1
137	142	138	143	288	293	289	294	
1
1
1
138	143	139	144	289	294	290	295	
1
1
1
139	144	140	145	290	295	291	296	
1
1
1
141	146	142	147	292	297	293	298	
1
1
1
142	147	143	148	293	298	294	299	
1
1
1
143	148	144	149	294	299	295	300	
1
1
1
144	149	145	150	295	300	296	301	
1
1
1
146	1	147	2	297	152	298	153	
1
1
1
147	2	148	3	298	153	299	154	
1
1
1
148	3	149	4	299	154	300	155	
1
1
1
149	4	150	5	300	155	301	156	
1
1
1
152	157	153	158	303	308	304	309	
1
1
1
153	158	154	159	304	309	305	310	
1
1
1
154	159	155	160	305	310	306	311	
1
1
1
155	160	156	161	306	311	307	312	
1
1
1
157	162	158	163	308	313	309	314	
1
1
1
158	163	159	164	309	314	310	315	
1
1
1
159	164	160	165	310	315	311	316	
1
1
1
160	165	161	166	311	316	312	317	
1
1
1
162	167	163	168	313	318	314	319	
1
1
1
163	168	164	169	314	319	315	320	
1
1
1
164	169	165	170	315	320	316	321	
1
1
1
165	170	166	171	316	321	317	322	
1
1
1
167	172	168	173	318	323	319	324	
1
1
1
168	173	169	174	319	324	320	325	
1
1
1
169	174	170	175	320	325	321	326	
1
1
1
170	175	171	176	321	326	322	327	
1
1
1
172	177	173	178	323	328	324	329	
1
1
1
173	178	174	179	324	329	325	330	
1
1
1
174	179	175	180	325	330	326	331	
1
1
1
175	180	176	181	326	331	327	332	
1
1
1
177	182	178	183	328	333	329	334	
1
1
1
178	183	179	184	329	334	330	335	
1
1
1
179	184	180	185	330	335	331	336	
1
1
1
180	185	181	186	331	336	332	337	
1
1
1
182	187	183	188	333	338	334	339	
1
1
1
183	188	184	189	334	339	335	340	
1
1
1
184	189	185	190	335	340	336	341	
1
1
1
185	190	186	191	336	341	337	342	
1
1
1
187	192	188	193	338	343	339	344	
1
1
1
188	193	189	194	339	344	340	345	
1
1
1
189	194	190	195	340	345	341	346	
1
1
1
190	195	191	196	341	346	342	347	
1
1
1
192	197	193	198	343	348	344	349	
1
1
1
193	198	194	199	344	349	345	350	
1
1
1
194	199	195	200	345	350	346	351	
1
1
1
195	200	196	201	346	351	347	352	
1
1
1
197	202	198	203	348	353	349	354	
1
1
1
198	203	199	204	349	354	350	355	
1
1
1
199	204	200	205	350	355	351	356	
1
1
1
200	205	201	206	351	356	352	357	
1
1
1
202	207	203	208	353	358	354	359	
1
1
1
203	208	204	209	354	359	355	360	
1
1
1
204	209	205	210	355	360	356	361	
1
1
1
205	210	206	211	356	361	357	362	
1
1
1
207	212	208	213	358	363	359	364	
1
1
1
208	213	209	214	359	364	360	365	
1
1
1
209	214	210	215	360	365	361	366	
1
1
1
210	215	211	216	361	366	362	367	
1
1
1
212	217	213	218	363	368	364	369	
1
1
1
213	218	214	219	364	369	365	370	
1
1
1
214	219	215	220	365	370	366	371	
1
1
1
215	220	216	221	366	371	367	372	
1
1
1
217	222	218	223	368	373	369	374	
1
1
1
218	223	219	224	369	374	370	375	
1
1
1
219	224	220	225	370	375	371	376	
1
1
1
220	225	221	226	371	376	372	377	
1
1
1
222	227	223	228	373	378	374	379	
1
1
1
223	228	224	229	374	379	375	380	
1
1
1
224	229	225	230	375	380	376	381	
1
1
1
225	230	226	231	376	381	377	382	
1
1
1
227	232	228	233	378	383	379	384	
1
1
1
228	233	229	234	379	384	380	385	
1
1
1
229	234	230	235	380	385	381	386	
1
1
1
230	235	231	236	381	386	382	387	
1
1
1
232	237	233	238	383	388	384	389	
1
1
1
233	238	234	239	384	389	385	390	
1
1
1
234	239	235	240	385	390	386	391	
1
1
1
235	240	236	241	386	391	387	392	
1
1
1
237	242	238	243	388	393	389	394	
1
1
1
238	243	239	244	389	394	390	395	
1
1
1
239	244	240	245	390	395	391	396	
1
1
1
240	245	241	246	391	396	392	397	
1
1
1
242	247	243	248	393	398	394	399	
1
1
1
243	248	244	249	394	399	395	400	
1
1
1
244	249	245	250	395	400	396	401	
1
1
1
245	250	246	251	396	401	397	402	
1
1
1
247	252	248	253	398	403	399	404	
1
1
1
248	253	249	254	399	404	400	405	
1
1
1
249	254	250	255	400	405	401	406	
1
1
1
250	255	251	256	401	406	402	407	
1
1
1
252	257	253	258	403	408	404	409	
1
1
1
253	258	254	259	404	409	405	410	
1
1
1
254	259	255	260	405	410	406	411	
1
1
1
255	260	256	261	406	411	407	412	
1
1
1
257	262	258	263	408	413	409	414	
1
1
1
258	263	259	264	409	414	410	415	
1
1
1
259	264	260	265	410	415	411	416	
1
1
1
260	265	261	266	411	416	412	417	
1
1
1
262	267	263	268	413	418	414	419	
1
1
1
263	268	264	269	414	419	415	420	
1
1
1
264	269	265	270	415	420	416	421	
1
1
1
265	270	266	271	416	421	417	422	
1
1
1
267	272	268	273	418	423	419	424	
1
1
1
268	273	269	274	419	424	420	425	
1
1
1
269	274	270	275	420	425	421	426	
1
1
1
270	275	271	276	421	426	422	427	
1
1
1
272	277	273	278	423	428	424	429	
1
1
1
273	278	274	279	424	429	425	430	
1
1
1
274	279	275	280	425	430	426	431	
1
1
1
275	280	276	281	426	431	427	432	
1
1
1
277	282	278	283	428	433	429	434	
1
1
1
278	283	279	284	429	434	430	435	
1
1
1
279	284	280	285	430	435	431	436	
1
1
1
280	285	281	286	431	436	432	437	
1
1
1
282	287	283	288	433	438	434	439	
1
1
1
283	288	284	289	434	439	435	440	
1
1
1
284	289	285	290	435	440	436	441	
1
1
1
285	290	286	291	436	441	437	442	
1
1
1
287	292	288	293	438	443	439	444	
1
1
1
288	293	289	294	439	444	440	445	
1
1
1
289	294	290	295	440	445	441	446	
1
1
1
290	295	291	296	441	446	442	447	
1
1
1
292	297	293	298	443	448	444	449	
1
1
1
293	298	294	299	444	449	445	450	
1
1
1
294	299	295	300	445	450	446	451	
1
1
1
295	300	296	301	446	451	447	452	
1
1
1
297	152	298	153	448	303	449	304	
1
1
1
298	153	299	154	449	304	450	305	
1
1
1
299	154	300	155	450	305	451	306	
1
1
1
300	155	301	156	451	306	452	307	
1
1
1
