60
0	1	6	151	152	157	
1
1
1
0	6	11	151	157	162	
1
1
1
0	11	16	151	162	167	
1
1
1
0	16	21	151	167	172	
1
1
1
0	21	26	151	172	177	
1
1
1
0	26	31	151	177	182	
1
1
1
0	31	36	151	182	187	
1
1
1
0	36	41	151	187	192	
1
1
1
0	41	46	151	192	197	
1
1
1
0	46	51	151	197	202	
1
1
1
0	51	56	151	202	207	
1
1
1
0	56	61	151	207	212	
1
1
1
0	61	66	151	212	217	
1
1
1
0	66	71	151	217	222	
1
1
1
0	71	76	151	222	227	
1
1
1
0	76	81	151	227	232	
1
1
1
0	81	86	151	232	237	
1
1
1
0	86	91	151	237	242	
1
1
1
0	91	96	151	242	247	
1
1
1
0	96	101	151	247	252	
1
1
1
0	101	106	151	252	257	
1
1
1
0	106	111	151	257	262	
1
1
1
0	111	116	151	262	267	
1
1
1
0	116	121	151	267	272	
1
1
1
0	121	126	151	272	277	
1
1
1
0	126	131	151	277	282	
1
1
1
0	131	136	151	282	287	
1
1
1
0	136	141	151	287	292	
1
1
1
0	141	146	151	292	297	
1
1
1
0	146	1	151	297	152	
1
1
1
151	152	157	302	303	308	
1
1
1
151	157	162	302	308	313	
1
1
1
151	162	167	302	313	318	
1
1
1
151	167	172	302	318	323	
1
1
1
151	172	177	302	323	328	
1
1
1
151	177	182	302	328	333	
1
1
1
151	182	187	302	333	338	
1
1
1
151	187	192	302	338	343	
1
1
1
151	192	197	302	343	348	
1
1
1
151	197	202	302	348	353	
1
1
1
151	202	207	302	353	358	
1
1
1
151	207	212	302	358	363	
1
1
1
151	212	217	302	363	368	
1
1
1
151	217	222	302	368	373	
1
1
1
151	222	227	302	373	378	
1
1
1
151	227	232	302	378	383	
1
1
1
151	232	237	302	383	388	
1
1
1
151	237	242	302	388	393	
1
1
1
151	242	247	302	393	398	
1
1
1
151	247	252	302	398	403	
1
1
1
151	252	257	302	403	408	
1
1
1
151	257	262	302	408	413	
1
1
1
151	262	267	302	413	418	
1
1
1
151	267	272	302	418	423	
1
1
1
151	272	277	302	423	428	
1
1
1
151	277	282	302	428	433	
1
1
1
151	282	287	302	433	438	
1
1
1
151	287	292	302	438	443	
1
1
1
151	292	297	302	443	448	
1
1
1
151	297	152	302	448	303	
1
1
1
