1152
1	2	6	7	182	183	187	188	
0
2	3	7	8	183	184	188	189	
0
3	4	8	9	184	185	189	190	
1
4	5	9	10	185	186	190	191	
1
6	7	11	12	187	188	192	193	
0
7	8	12	13	188	189	193	194	
0
8	9	13	14	189	190	194	195	
1
9	10	14	15	190	191	195	196	
1
11	12	16	17	192	193	197	198	
0
12	13	17	18	193	194	198	199	
0
13	14	18	19	194	195	199	200	
1
14	15	19	20	195	196	200	201	
1
16	17	21	22	197	198	202	203	
0
17	18	22	23	198	199	203	204	
0
18	19	23	24	199	200	204	205	
1
19	20	24	25	200	201	205	206	
1
21	22	26	27	202	203	207	208	
0
22	23	27	28	203	204	208	209	
0
23	24	28	29	204	205	209	210	
1
24	25	29	30	205	206	210	211	
1
26	27	31	32	207	208	212	213	
0
27	28	32	33	208	209	213	214	
0
28	29	33	34	209	210	214	215	
1
29	30	34	35	210	211	215	216	
1
31	32	36	37	212	213	217	218	
0
32	33	37	38	213	214	218	219	
0
33	34	38	39	214	215	219	220	
1
34	35	39	40	215	216	220	221	
1
36	37	41	42	217	218	222	223	
0
37	38	42	43	218	219	223	224	
0
38	39	43	44	219	220	224	225	
1
39	40	44	45	220	221	225	226	
1
41	42	46	47	222	223	227	228	
0
42	43	47	48	223	224	228	229	
0
43	44	48	49	224	225	229	230	
1
44	45	49	50	225	226	230	231	
1
46	47	51	52	227	228	232	233	
0
47	48	52	53	228	229	233	234	
0
48	49	53	54	229	230	234	235	
1
49	50	54	55	230	231	235	236	
1
51	52	56	57	232	233	237	238	
0
52	53	57	58	233	234	238	239	
0
53	54	58	59	234	235	239	240	
1
54	55	59	60	235	236	240	241	
1
56	57	61	62	237	238	242	243	
0
57	58	62	63	238	239	243	244	
0
58	59	63	64	239	240	244	245	
1
59	60	64	65	240	241	245	246	
1
61	62	66	67	242	243	247	248	
0
62	63	67	68	243	244	248	249	
0
63	64	68	69	244	245	249	250	
1
64	65	69	70	245	246	250	251	
1
66	67	71	72	247	248	252	253	
0
67	68	72	73	248	249	253	254	
0
68	69	73	74	249	250	254	255	
1
69	70	74	75	250	251	255	256	
1
71	72	76	77	252	253	257	258	
0
72	73	77	78	253	254	258	259	
0
73	74	78	79	254	255	259	260	
1
74	75	79	80	255	256	260	261	
1
76	77	81	82	257	258	262	263	
0
77	78	82	83	258	259	263	264	
0
78	79	83	84	259	260	264	265	
1
79	80	84	85	260	261	265	266	
1
81	82	86	87	262	263	267	268	
0
82	83	87	88	263	264	268	269	
0
83	84	88	89	264	265	269	270	
1
84	85	89	90	265	266	270	271	
1
86	87	91	92	267	268	272	273	
0
87	88	92	93	268	269	273	274	
0
88	89	93	94	269	270	274	275	
1
89	90	94	95	270	271	275	276	
1
91	92	96	97	272	273	277	278	
0
92	93	97	98	273	274	278	279	
0
93	94	98	99	274	275	279	280	
1
94	95	99	100	275	276	280	281	
1
96	97	101	102	277	278	282	283	
0
97	98	102	103	278	279	283	284	
0
98	99	103	104	279	280	284	285	
1
99	100	104	105	280	281	285	286	
1
101	102	106	107	282	283	287	288	
0
102	103	107	108	283	284	288	289	
0
103	104	108	109	284	285	289	290	
1
104	105	109	110	285	286	290	291	
1
106	107	111	112	287	288	292	293	
0
107	108	112	113	288	289	293	294	
0
108	109	113	114	289	290	294	295	
1
109	110	114	115	290	291	295	296	
1
111	112	116	117	292	293	297	298	
0
112	113	117	118	293	294	298	299	
0
113	114	118	119	294	295	299	300	
1
114	115	119	120	295	296	300	301	
1
116	117	121	122	297	298	302	303	
0
117	118	122	123	298	299	303	304	
0
118	119	123	124	299	300	304	305	
1
119	120	124	125	300	301	305	306	
1
121	122	126	127	302	303	307	308	
0
122	123	127	128	303	304	308	309	
0
123	124	128	129	304	305	309	310	
1
124	125	129	130	305	306	310	311	
1
126	127	131	132	307	308	312	313	
0
127	128	132	133	308	309	313	314	
0
128	129	133	134	309	310	314	315	
1
129	130	134	135	310	311	315	316	
1
131	132	136	137	312	313	317	318	
0
132	133	137	138	313	314	318	319	
0
133	134	138	139	314	315	319	320	
1
134	135	139	140	315	316	320	321	
1
136	137	141	142	317	318	322	323	
0
137	138	142	143	318	319	323	324	
0
138	139	143	144	319	320	324	325	
1
139	140	144	145	320	321	325	326	
1
141	142	146	147	322	323	327	328	
0
142	143	147	148	323	324	328	329	
0
143	144	148	149	324	325	329	330	
1
144	145	149	150	325	326	330	331	
1
146	147	151	152	327	328	332	333	
0
147	148	152	153	328	329	333	334	
0
148	149	153	154	329	330	334	335	
1
149	150	154	155	330	331	335	336	
1
151	152	156	157	332	333	337	338	
0
152	153	157	158	333	334	338	339	
0
153	154	158	159	334	335	339	340	
1
154	155	159	160	335	336	340	341	
1
156	157	161	162	337	338	342	343	
0
157	158	162	163	338	339	343	344	
0
158	159	163	164	339	340	344	345	
1
159	160	164	165	340	341	345	346	
1
161	162	166	167	342	343	347	348	
0
162	163	167	168	343	344	348	349	
0
163	164	168	169	344	345	349	350	
1
164	165	169	170	345	346	350	351	
1
166	167	171	172	347	348	352	353	
0
167	168	172	173	348	349	353	354	
0
168	169	173	174	349	350	354	355	
1
169	170	174	175	350	351	355	356	
1
171	172	176	177	352	353	357	358	
0
172	173	177	178	353	354	358	359	
0
173	174	178	179	354	355	359	360	
1
174	175	179	180	355	356	360	361	
1
176	177	1	2	357	358	182	183	
0
177	178	2	3	358	359	183	184	
0
178	179	3	4	359	360	184	185	
1
179	180	4	5	360	361	185	186	
1
182	183	187	188	363	364	368	369	
0
183	184	188	189	364	365	369	370	
0
184	185	189	190	365	366	370	371	
1
185	186	190	191	366	367	371	372	
1
187	188	192	193	368	369	373	374	
0
188	189	193	194	369	370	374	375	
0
189	190	194	195	370	371	375	376	
1
190	191	195	196	371	372	376	377	
1
192	193	197	198	373	374	378	379	
0
193	194	198	199	374	375	379	380	
0
194	195	199	200	375	376	380	381	
1
195	196	200	201	376	377	381	382	
1
197	198	202	203	378	379	383	384	
0
198	199	203	204	379	380	384	385	
0
199	200	204	205	380	381	385	386	
1
200	201	205	206	381	382	386	387	
1
202	203	207	208	383	384	388	389	
0
203	204	208	209	384	385	389	390	
0
204	205	209	210	385	386	390	391	
1
205	206	210	211	386	387	391	392	
1
207	208	212	213	388	389	393	394	
0
208	209	213	214	389	390	394	395	
0
209	210	214	215	390	391	395	396	
1
210	211	215	216	391	392	396	397	
1
212	213	217	218	393	394	398	399	
0
213	214	218	219	394	395	399	400	
0
214	215	219	220	395	396	400	401	
1
215	216	220	221	396	397	401	402	
1
217	218	222	223	398	399	403	404	
0
218	219	223	224	399	400	404	405	
0
219	220	224	225	400	401	405	406	
1
220	221	225	226	401	402	406	407	
1
222	223	227	228	403	404	408	409	
0
223	224	228	229	404	405	409	410	
0
224	225	229	230	405	406	410	411	
1
225	226	230	231	406	407	411	412	
1
227	228	232	233	408	409	413	414	
0
228	229	233	234	409	410	414	415	
0
229	230	234	235	410	411	415	416	
1
230	231	235	236	411	412	416	417	
1
232	233	237	238	413	414	418	419	
0
233	234	238	239	414	415	419	420	
0
234	235	239	240	415	416	420	421	
1
235	236	240	241	416	417	421	422	
1
237	238	242	243	418	419	423	424	
0
238	239	243	244	419	420	424	425	
0
239	240	244	245	420	421	425	426	
1
240	241	245	246	421	422	426	427	
1
242	243	247	248	423	424	428	429	
0
243	244	248	249	424	425	429	430	
0
244	245	249	250	425	426	430	431	
1
245	246	250	251	426	427	431	432	
1
247	248	252	253	428	429	433	434	
0
248	249	253	254	429	430	434	435	
0
249	250	254	255	430	431	435	436	
1
250	251	255	256	431	432	436	437	
1
252	253	257	258	433	434	438	439	
0
253	254	258	259	434	435	439	440	
0
254	255	259	260	435	436	440	441	
1
255	256	260	261	436	437	441	442	
1
257	258	262	263	438	439	443	444	
0
258	259	263	264	439	440	444	445	
0
259	260	264	265	440	441	445	446	
1
260	261	265	266	441	442	446	447	
1
262	263	267	268	443	444	448	449	
0
263	264	268	269	444	445	449	450	
0
264	265	269	270	445	446	450	451	
1
265	266	270	271	446	447	451	452	
1
267	268	272	273	448	449	453	454	
0
268	269	273	274	449	450	454	455	
0
269	270	274	275	450	451	455	456	
1
270	271	275	276	451	452	456	457	
1
272	273	277	278	453	454	458	459	
0
273	274	278	279	454	455	459	460	
0
274	275	279	280	455	456	460	461	
1
275	276	280	281	456	457	461	462	
1
277	278	282	283	458	459	463	464	
0
278	279	283	284	459	460	464	465	
0
279	280	284	285	460	461	465	466	
1
280	281	285	286	461	462	466	467	
1
282	283	287	288	463	464	468	469	
0
283	284	288	289	464	465	469	470	
0
284	285	289	290	465	466	470	471	
1
285	286	290	291	466	467	471	472	
1
287	288	292	293	468	469	473	474	
0
288	289	293	294	469	470	474	475	
0
289	290	294	295	470	471	475	476	
1
290	291	295	296	471	472	476	477	
1
292	293	297	298	473	474	478	479	
0
293	294	298	299	474	475	479	480	
0
294	295	299	300	475	476	480	481	
1
295	296	300	301	476	477	481	482	
1
297	298	302	303	478	479	483	484	
0
298	299	303	304	479	480	484	485	
0
299	300	304	305	480	481	485	486	
1
300	301	305	306	481	482	486	487	
1
302	303	307	308	483	484	488	489	
0
303	304	308	309	484	485	489	490	
0
304	305	309	310	485	486	490	491	
1
305	306	310	311	486	487	491	492	
1
307	308	312	313	488	489	493	494	
0
308	309	313	314	489	490	494	495	
0
309	310	314	315	490	491	495	496	
1
310	311	315	316	491	492	496	497	
1
312	313	317	318	493	494	498	499	
0
313	314	318	319	494	495	499	500	
0
314	315	319	320	495	496	500	501	
1
315	316	320	321	496	497	501	502	
1
317	318	322	323	498	499	503	504	
0
318	319	323	324	499	500	504	505	
0
319	320	324	325	500	501	505	506	
1
320	321	325	326	501	502	506	507	
1
322	323	327	328	503	504	508	509	
0
323	324	328	329	504	505	509	510	
0
324	325	329	330	505	506	510	511	
1
325	326	330	331	506	507	511	512	
1
327	328	332	333	508	509	513	514	
0
328	329	333	334	509	510	514	515	
0
329	330	334	335	510	511	515	516	
1
330	331	335	336	511	512	516	517	
1
332	333	337	338	513	514	518	519	
0
333	334	338	339	514	515	519	520	
0
334	335	339	340	515	516	520	521	
1
335	336	340	341	516	517	521	522	
1
337	338	342	343	518	519	523	524	
0
338	339	343	344	519	520	524	525	
0
339	340	344	345	520	521	525	526	
1
340	341	345	346	521	522	526	527	
1
342	343	347	348	523	524	528	529	
0
343	344	348	349	524	525	529	530	
0
344	345	349	350	525	526	530	531	
1
345	346	350	351	526	527	531	532	
1
347	348	352	353	528	529	533	534	
0
348	349	353	354	529	530	534	535	
0
349	350	354	355	530	531	535	536	
1
350	351	355	356	531	532	536	537	
1
352	353	357	358	533	534	538	539	
0
353	354	358	359	534	535	539	540	
0
354	355	359	360	535	536	540	541	
1
355	356	360	361	536	537	541	542	
1
357	358	182	183	538	539	363	364	
0
358	359	183	184	539	540	364	365	
0
359	360	184	185	540	541	365	366	
1
360	361	185	186	541	542	366	367	
1
363	364	368	369	544	545	549	550	
0
364	365	369	370	545	546	550	551	
0
365	366	370	371	546	547	551	552	
1
366	367	371	372	547	548	552	553	
1
368	369	373	374	549	550	554	555	
0
369	370	374	375	550	551	555	556	
0
370	371	375	376	551	552	556	557	
1
371	372	376	377	552	553	557	558	
1
373	374	378	379	554	555	559	560	
0
374	375	379	380	555	556	560	561	
0
375	376	380	381	556	557	561	562	
1
376	377	381	382	557	558	562	563	
1
378	379	383	384	559	560	564	565	
0
379	380	384	385	560	561	565	566	
0
380	381	385	386	561	562	566	567	
1
381	382	386	387	562	563	567	568	
1
383	384	388	389	564	565	569	570	
0
384	385	389	390	565	566	570	571	
0
385	386	390	391	566	567	571	572	
1
386	387	391	392	567	568	572	573	
1
388	389	393	394	569	570	574	575	
0
389	390	394	395	570	571	575	576	
0
390	391	395	396	571	572	576	577	
1
391	392	396	397	572	573	577	578	
1
393	394	398	399	574	575	579	580	
0
394	395	399	400	575	576	580	581	
0
395	396	400	401	576	577	581	582	
1
396	397	401	402	577	578	582	583	
1
398	399	403	404	579	580	584	585	
0
399	400	404	405	580	581	585	586	
0
400	401	405	406	581	582	586	587	
1
401	402	406	407	582	583	587	588	
1
403	404	408	409	584	585	589	590	
0
404	405	409	410	585	586	590	591	
0
405	406	410	411	586	587	591	592	
1
406	407	411	412	587	588	592	593	
1
408	409	413	414	589	590	594	595	
0
409	410	414	415	590	591	595	596	
0
410	411	415	416	591	592	596	597	
1
411	412	416	417	592	593	597	598	
1
413	414	418	419	594	595	599	600	
0
414	415	419	420	595	596	600	601	
0
415	416	420	421	596	597	601	602	
1
416	417	421	422	597	598	602	603	
1
418	419	423	424	599	600	604	605	
0
419	420	424	425	600	601	605	606	
0
420	421	425	426	601	602	606	607	
1
421	422	426	427	602	603	607	608	
1
423	424	428	429	604	605	609	610	
0
424	425	429	430	605	606	610	611	
0
425	426	430	431	606	607	611	612	
1
426	427	431	432	607	608	612	613	
1
428	429	433	434	609	610	614	615	
0
429	430	434	435	610	611	615	616	
0
430	431	435	436	611	612	616	617	
1
431	432	436	437	612	613	617	618	
1
433	434	438	439	614	615	619	620	
0
434	435	439	440	615	616	620	621	
0
435	436	440	441	616	617	621	622	
1
436	437	441	442	617	618	622	623	
1
438	439	443	444	619	620	624	625	
0
439	440	444	445	620	621	625	626	
0
440	441	445	446	621	622	626	627	
1
441	442	446	447	622	623	627	628	
1
443	444	448	449	624	625	629	630	
0
444	445	449	450	625	626	630	631	
0
445	446	450	451	626	627	631	632	
1
446	447	451	452	627	628	632	633	
1
448	449	453	454	629	630	634	635	
0
449	450	454	455	630	631	635	636	
0
450	451	455	456	631	632	636	637	
1
451	452	456	457	632	633	637	638	
1
453	454	458	459	634	635	639	640	
0
454	455	459	460	635	636	640	641	
0
455	456	460	461	636	637	641	642	
1
456	457	461	462	637	638	642	643	
1
458	459	463	464	639	640	644	645	
0
459	460	464	465	640	641	645	646	
0
460	461	465	466	641	642	646	647	
1
461	462	466	467	642	643	647	648	
1
463	464	468	469	644	645	649	650	
0
464	465	469	470	645	646	650	651	
0
465	466	470	471	646	647	651	652	
1
466	467	471	472	647	648	652	653	
1
468	469	473	474	649	650	654	655	
0
469	470	474	475	650	651	655	656	
0
470	471	475	476	651	652	656	657	
1
471	472	476	477	652	653	657	658	
1
473	474	478	479	654	655	659	660	
0
474	475	479	480	655	656	660	661	
0
475	476	480	481	656	657	661	662	
1
476	477	481	482	657	658	662	663	
1
478	479	483	484	659	660	664	665	
0
479	480	484	485	660	661	665	666	
0
480	481	485	486	661	662	666	667	
1
481	482	486	487	662	663	667	668	
1
483	484	488	489	664	665	669	670	
0
484	485	489	490	665	666	670	671	
0
485	486	490	491	666	667	671	672	
1
486	487	491	492	667	668	672	673	
1
488	489	493	494	669	670	674	675	
0
489	490	494	495	670	671	675	676	
0
490	491	495	496	671	672	676	677	
1
491	492	496	497	672	673	677	678	
1
493	494	498	499	674	675	679	680	
0
494	495	499	500	675	676	680	681	
0
495	496	500	501	676	677	681	682	
1
496	497	501	502	677	678	682	683	
1
498	499	503	504	679	680	684	685	
0
499	500	504	505	680	681	685	686	
0
500	501	505	506	681	682	686	687	
1
501	502	506	507	682	683	687	688	
1
503	504	508	509	684	685	689	690	
0
504	505	509	510	685	686	690	691	
0
505	506	510	511	686	687	691	692	
1
506	507	511	512	687	688	692	693	
1
508	509	513	514	689	690	694	695	
0
509	510	514	515	690	691	695	696	
0
510	511	515	516	691	692	696	697	
1
511	512	516	517	692	693	697	698	
1
513	514	518	519	694	695	699	700	
0
514	515	519	520	695	696	700	701	
0
515	516	520	521	696	697	701	702	
1
516	517	521	522	697	698	702	703	
1
518	519	523	524	699	700	704	705	
0
519	520	524	525	700	701	705	706	
0
520	521	525	526	701	702	706	707	
1
521	522	526	527	702	703	707	708	
1
523	524	528	529	704	705	709	710	
0
524	525	529	530	705	706	710	711	
0
525	526	530	531	706	707	711	712	
1
526	527	531	532	707	708	712	713	
1
528	529	533	534	709	710	714	715	
0
529	530	534	535	710	711	715	716	
0
530	531	535	536	711	712	716	717	
1
531	532	536	537	712	713	717	718	
1
533	534	538	539	714	715	719	720	
0
534	535	539	540	715	716	720	721	
0
535	536	540	541	716	717	721	722	
1
536	537	541	542	717	718	722	723	
1
538	539	363	364	719	720	544	545	
0
539	540	364	365	720	721	545	546	
0
540	541	365	366	721	722	546	547	
1
541	542	366	367	722	723	547	548	
1
544	545	549	550	725	726	730	731	
0
545	546	550	551	726	727	731	732	
0
546	547	551	552	727	728	732	733	
1
547	548	552	553	728	729	733	734	
1
549	550	554	555	730	731	735	736	
0
550	551	555	556	731	732	736	737	
0
551	552	556	557	732	733	737	738	
1
552	553	557	558	733	734	738	739	
1
554	555	559	560	735	736	740	741	
0
555	556	560	561	736	737	741	742	
0
556	557	561	562	737	738	742	743	
1
557	558	562	563	738	739	743	744	
1
559	560	564	565	740	741	745	746	
0
560	561	565	566	741	742	746	747	
0
561	562	566	567	742	743	747	748	
1
562	563	567	568	743	744	748	749	
1
564	565	569	570	745	746	750	751	
0
565	566	570	571	746	747	751	752	
0
566	567	571	572	747	748	752	753	
1
567	568	572	573	748	749	753	754	
1
569	570	574	575	750	751	755	756	
0
570	571	575	576	751	752	756	757	
0
571	572	576	577	752	753	757	758	
1
572	573	577	578	753	754	758	759	
1
574	575	579	580	755	756	760	761	
0
575	576	580	581	756	757	761	762	
0
576	577	581	582	757	758	762	763	
1
577	578	582	583	758	759	763	764	
1
579	580	584	585	760	761	765	766	
0
580	581	585	586	761	762	766	767	
0
581	582	586	587	762	763	767	768	
1
582	583	587	588	763	764	768	769	
1
584	585	589	590	765	766	770	771	
0
585	586	590	591	766	767	771	772	
0
586	587	591	592	767	768	772	773	
1
587	588	592	593	768	769	773	774	
1
589	590	594	595	770	771	775	776	
0
590	591	595	596	771	772	776	777	
0
591	592	596	597	772	773	777	778	
1
592	593	597	598	773	774	778	779	
1
594	595	599	600	775	776	780	781	
0
595	596	600	601	776	777	781	782	
0
596	597	601	602	777	778	782	783	
1
597	598	602	603	778	779	783	784	
1
599	600	604	605	780	781	785	786	
0
600	601	605	606	781	782	786	787	
0
601	602	606	607	782	783	787	788	
1
602	603	607	608	783	784	788	789	
1
604	605	609	610	785	786	790	791	
0
605	606	610	611	786	787	791	792	
0
606	607	611	612	787	788	792	793	
1
607	608	612	613	788	789	793	794	
1
609	610	614	615	790	791	795	796	
0
610	611	615	616	791	792	796	797	
0
611	612	616	617	792	793	797	798	
1
612	613	617	618	793	794	798	799	
1
614	615	619	620	795	796	800	801	
0
615	616	620	621	796	797	801	802	
0
616	617	621	622	797	798	802	803	
1
617	618	622	623	798	799	803	804	
1
619	620	624	625	800	801	805	806	
0
620	621	625	626	801	802	806	807	
0
621	622	626	627	802	803	807	808	
1
622	623	627	628	803	804	808	809	
1
624	625	629	630	805	806	810	811	
0
625	626	630	631	806	807	811	812	
0
626	627	631	632	807	808	812	813	
1
627	628	632	633	808	809	813	814	
1
629	630	634	635	810	811	815	816	
0
630	631	635	636	811	812	816	817	
0
631	632	636	637	812	813	817	818	
1
632	633	637	638	813	814	818	819	
1
634	635	639	640	815	816	820	821	
0
635	636	640	641	816	817	821	822	
0
636	637	641	642	817	818	822	823	
1
637	638	642	643	818	819	823	824	
1
639	640	644	645	820	821	825	826	
0
640	641	645	646	821	822	826	827	
0
641	642	646	647	822	823	827	828	
1
642	643	647	648	823	824	828	829	
1
644	645	649	650	825	826	830	831	
0
645	646	650	651	826	827	831	832	
0
646	647	651	652	827	828	832	833	
1
647	648	652	653	828	829	833	834	
1
649	650	654	655	830	831	835	836	
0
650	651	655	656	831	832	836	837	
0
651	652	656	657	832	833	837	838	
1
652	653	657	658	833	834	838	839	
1
654	655	659	660	835	836	840	841	
0
655	656	660	661	836	837	841	842	
0
656	657	661	662	837	838	842	843	
1
657	658	662	663	838	839	843	844	
1
659	660	664	665	840	841	845	846	
0
660	661	665	666	841	842	846	847	
0
661	662	666	667	842	843	847	848	
1
662	663	667	668	843	844	848	849	
1
664	665	669	670	845	846	850	851	
0
665	666	670	671	846	847	851	852	
0
666	667	671	672	847	848	852	853	
1
667	668	672	673	848	849	853	854	
1
669	670	674	675	850	851	855	856	
0
670	671	675	676	851	852	856	857	
0
671	672	676	677	852	853	857	858	
1
672	673	677	678	853	854	858	859	
1
674	675	679	680	855	856	860	861	
0
675	676	680	681	856	857	861	862	
0
676	677	681	682	857	858	862	863	
1
677	678	682	683	858	859	863	864	
1
679	680	684	685	860	861	865	866	
0
680	681	685	686	861	862	866	867	
0
681	682	686	687	862	863	867	868	
1
682	683	687	688	863	864	868	869	
1
684	685	689	690	865	866	870	871	
0
685	686	690	691	866	867	871	872	
0
686	687	691	692	867	868	872	873	
1
687	688	692	693	868	869	873	874	
1
689	690	694	695	870	871	875	876	
0
690	691	695	696	871	872	876	877	
0
691	692	696	697	872	873	877	878	
1
692	693	697	698	873	874	878	879	
1
694	695	699	700	875	876	880	881	
0
695	696	700	701	876	877	881	882	
0
696	697	701	702	877	878	882	883	
1
697	698	702	703	878	879	883	884	
1
699	700	704	705	880	881	885	886	
0
700	701	705	706	881	882	886	887	
0
701	702	706	707	882	883	887	888	
1
702	703	707	708	883	884	888	889	
1
704	705	709	710	885	886	890	891	
0
705	706	710	711	886	887	891	892	
0
706	707	711	712	887	888	892	893	
1
707	708	712	713	888	889	893	894	
1
709	710	714	715	890	891	895	896	
0
710	711	715	716	891	892	896	897	
0
711	712	716	717	892	893	897	898	
1
712	713	717	718	893	894	898	899	
1
714	715	719	720	895	896	900	901	
0
715	716	720	721	896	897	901	902	
0
716	717	721	722	897	898	902	903	
1
717	718	722	723	898	899	903	904	
1
719	720	544	545	900	901	725	726	
0
720	721	545	546	901	902	726	727	
0
721	722	546	547	902	903	727	728	
1
722	723	547	548	903	904	728	729	
1
725	726	730	731	906	907	911	912	
0
726	727	731	732	907	908	912	913	
0
727	728	732	733	908	909	913	914	
1
728	729	733	734	909	910	914	915	
1
730	731	735	736	911	912	916	917	
0
731	732	736	737	912	913	917	918	
0
732	733	737	738	913	914	918	919	
1
733	734	738	739	914	915	919	920	
1
735	736	740	741	916	917	921	922	
0
736	737	741	742	917	918	922	923	
0
737	738	742	743	918	919	923	924	
1
738	739	743	744	919	920	924	925	
1
740	741	745	746	921	922	926	927	
0
741	742	746	747	922	923	927	928	
0
742	743	747	748	923	924	928	929	
1
743	744	748	749	924	925	929	930	
1
745	746	750	751	926	927	931	932	
0
746	747	751	752	927	928	932	933	
0
747	748	752	753	928	929	933	934	
1
748	749	753	754	929	930	934	935	
1
750	751	755	756	931	932	936	937	
0
751	752	756	757	932	933	937	938	
0
752	753	757	758	933	934	938	939	
1
753	754	758	759	934	935	939	940	
1
755	756	760	761	936	937	941	942	
0
756	757	761	762	937	938	942	943	
0
757	758	762	763	938	939	943	944	
1
758	759	763	764	939	940	944	945	
1
760	761	765	766	941	942	946	947	
0
761	762	766	767	942	943	947	948	
0
762	763	767	768	943	944	948	949	
1
763	764	768	769	944	945	949	950	
1
765	766	770	771	946	947	951	952	
0
766	767	771	772	947	948	952	953	
0
767	768	772	773	948	949	953	954	
1
768	769	773	774	949	950	954	955	
1
770	771	775	776	951	952	956	957	
0
771	772	776	777	952	953	957	958	
0
772	773	777	778	953	954	958	959	
1
773	774	778	779	954	955	959	960	
1
775	776	780	781	956	957	961	962	
0
776	777	781	782	957	958	962	963	
0
777	778	782	783	958	959	963	964	
1
778	779	783	784	959	960	964	965	
1
780	781	785	786	961	962	966	967	
0
781	782	786	787	962	963	967	968	
0
782	783	787	788	963	964	968	969	
1
783	784	788	789	964	965	969	970	
1
785	786	790	791	966	967	971	972	
0
786	787	791	792	967	968	972	973	
0
787	788	792	793	968	969	973	974	
1
788	789	793	794	969	970	974	975	
1
790	791	795	796	971	972	976	977	
0
791	792	796	797	972	973	977	978	
0
792	793	797	798	973	974	978	979	
1
793	794	798	799	974	975	979	980	
1
795	796	800	801	976	977	981	982	
0
796	797	801	802	977	978	982	983	
0
797	798	802	803	978	979	983	984	
1
798	799	803	804	979	980	984	985	
1
800	801	805	806	981	982	986	987	
0
801	802	806	807	982	983	987	988	
0
802	803	807	808	983	984	988	989	
1
803	804	808	809	984	985	989	990	
1
805	806	810	811	986	987	991	992	
0
806	807	811	812	987	988	992	993	
0
807	808	812	813	988	989	993	994	
1
808	809	813	814	989	990	994	995	
1
810	811	815	816	991	992	996	997	
0
811	812	816	817	992	993	997	998	
0
812	813	817	818	993	994	998	999	
1
813	814	818	819	994	995	999	1000	
1
815	816	820	821	996	997	1001	1002	
0
816	817	821	822	997	998	1002	1003	
0
817	818	822	823	998	999	1003	1004	
1
818	819	823	824	999	1000	1004	1005	
1
820	821	825	826	1001	1002	1006	1007	
0
821	822	826	827	1002	1003	1007	1008	
0
822	823	827	828	1003	1004	1008	1009	
1
823	824	828	829	1004	1005	1009	1010	
1
825	826	830	831	1006	1007	1011	1012	
0
826	827	831	832	1007	1008	1012	1013	
0
827	828	832	833	1008	1009	1013	1014	
1
828	829	833	834	1009	1010	1014	1015	
1
830	831	835	836	1011	1012	1016	1017	
0
831	832	836	837	1012	1013	1017	1018	
0
832	833	837	838	1013	1014	1018	1019	
1
833	834	838	839	1014	1015	1019	1020	
1
835	836	840	841	1016	1017	1021	1022	
0
836	837	841	842	1017	1018	1022	1023	
0
837	838	842	843	1018	1019	1023	1024	
1
838	839	843	844	1019	1020	1024	1025	
1
840	841	845	846	1021	1022	1026	1027	
0
841	842	846	847	1022	1023	1027	1028	
0
842	843	847	848	1023	1024	1028	1029	
1
843	844	848	849	1024	1025	1029	1030	
1
845	846	850	851	1026	1027	1031	1032	
0
846	847	851	852	1027	1028	1032	1033	
0
847	848	852	853	1028	1029	1033	1034	
1
848	849	853	854	1029	1030	1034	1035	
1
850	851	855	856	1031	1032	1036	1037	
0
851	852	856	857	1032	1033	1037	1038	
0
852	853	857	858	1033	1034	1038	1039	
1
853	854	858	859	1034	1035	1039	1040	
1
855	856	860	861	1036	1037	1041	1042	
0
856	857	861	862	1037	1038	1042	1043	
0
857	858	862	863	1038	1039	1043	1044	
1
858	859	863	864	1039	1040	1044	1045	
1
860	861	865	866	1041	1042	1046	1047	
0
861	862	866	867	1042	1043	1047	1048	
0
862	863	867	868	1043	1044	1048	1049	
1
863	864	868	869	1044	1045	1049	1050	
1
865	866	870	871	1046	1047	1051	1052	
0
866	867	871	872	1047	1048	1052	1053	
0
867	868	872	873	1048	1049	1053	1054	
1
868	869	873	874	1049	1050	1054	1055	
1
870	871	875	876	1051	1052	1056	1057	
0
871	872	876	877	1052	1053	1057	1058	
0
872	873	877	878	1053	1054	1058	1059	
1
873	874	878	879	1054	1055	1059	1060	
1
875	876	880	881	1056	1057	1061	1062	
0
876	877	881	882	1057	1058	1062	1063	
0
877	878	882	883	1058	1059	1063	1064	
1
878	879	883	884	1059	1060	1064	1065	
1
880	881	885	886	1061	1062	1066	1067	
0
881	882	886	887	1062	1063	1067	1068	
0
882	883	887	888	1063	1064	1068	1069	
1
883	884	888	889	1064	1065	1069	1070	
1
885	886	890	891	1066	1067	1071	1072	
0
886	887	891	892	1067	1068	1072	1073	
0
887	888	892	893	1068	1069	1073	1074	
1
888	889	893	894	1069	1070	1074	1075	
1
890	891	895	896	1071	1072	1076	1077	
0
891	892	896	897	1072	1073	1077	1078	
0
892	893	897	898	1073	1074	1078	1079	
1
893	894	898	899	1074	1075	1079	1080	
1
895	896	900	901	1076	1077	1081	1082	
0
896	897	901	902	1077	1078	1082	1083	
0
897	898	902	903	1078	1079	1083	1084	
1
898	899	903	904	1079	1080	1084	1085	
1
900	901	725	726	1081	1082	906	907	
0
901	902	726	727	1082	1083	907	908	
0
902	903	727	728	1083	1084	908	909	
1
903	904	728	729	1084	1085	909	910	
1
906	907	911	912	1087	1088	1092	1093	
0
907	908	912	913	1088	1089	1093	1094	
0
908	909	913	914	1089	1090	1094	1095	
1
909	910	914	915	1090	1091	1095	1096	
1
911	912	916	917	1092	1093	1097	1098	
0
912	913	917	918	1093	1094	1098	1099	
0
913	914	918	919	1094	1095	1099	1100	
1
914	915	919	920	1095	1096	1100	1101	
1
916	917	921	922	1097	1098	1102	1103	
0
917	918	922	923	1098	1099	1103	1104	
0
918	919	923	924	1099	1100	1104	1105	
1
919	920	924	925	1100	1101	1105	1106	
1
921	922	926	927	1102	1103	1107	1108	
0
922	923	927	928	1103	1104	1108	1109	
0
923	924	928	929	1104	1105	1109	1110	
1
924	925	929	930	1105	1106	1110	1111	
1
926	927	931	932	1107	1108	1112	1113	
0
927	928	932	933	1108	1109	1113	1114	
0
928	929	933	934	1109	1110	1114	1115	
1
929	930	934	935	1110	1111	1115	1116	
1
931	932	936	937	1112	1113	1117	1118	
0
932	933	937	938	1113	1114	1118	1119	
0
933	934	938	939	1114	1115	1119	1120	
1
934	935	939	940	1115	1116	1120	1121	
1
936	937	941	942	1117	1118	1122	1123	
0
937	938	942	943	1118	1119	1123	1124	
0
938	939	943	944	1119	1120	1124	1125	
1
939	940	944	945	1120	1121	1125	1126	
1
941	942	946	947	1122	1123	1127	1128	
0
942	943	947	948	1123	1124	1128	1129	
0
943	944	948	949	1124	1125	1129	1130	
1
944	945	949	950	1125	1126	1130	1131	
1
946	947	951	952	1127	1128	1132	1133	
0
947	948	952	953	1128	1129	1133	1134	
0
948	949	953	954	1129	1130	1134	1135	
1
949	950	954	955	1130	1131	1135	1136	
1
951	952	956	957	1132	1133	1137	1138	
0
952	953	957	958	1133	1134	1138	1139	
0
953	954	958	959	1134	1135	1139	1140	
1
954	955	959	960	1135	1136	1140	1141	
1
956	957	961	962	1137	1138	1142	1143	
0
957	958	962	963	1138	1139	1143	1144	
0
958	959	963	964	1139	1140	1144	1145	
1
959	960	964	965	1140	1141	1145	1146	
1
961	962	966	967	1142	1143	1147	1148	
0
962	963	967	968	1143	1144	1148	1149	
0
963	964	968	969	1144	1145	1149	1150	
1
964	965	969	970	1145	1146	1150	1151	
1
966	967	971	972	1147	1148	1152	1153	
0
967	968	972	973	1148	1149	1153	1154	
0
968	969	973	974	1149	1150	1154	1155	
1
969	970	974	975	1150	1151	1155	1156	
1
971	972	976	977	1152	1153	1157	1158	
0
972	973	977	978	1153	1154	1158	1159	
0
973	974	978	979	1154	1155	1159	1160	
1
974	975	979	980	1155	1156	1160	1161	
1
976	977	981	982	1157	1158	1162	1163	
0
977	978	982	983	1158	1159	1163	1164	
0
978	979	983	984	1159	1160	1164	1165	
1
979	980	984	985	1160	1161	1165	1166	
1
981	982	986	987	1162	1163	1167	1168	
0
982	983	987	988	1163	1164	1168	1169	
0
983	984	988	989	1164	1165	1169	1170	
1
984	985	989	990	1165	1166	1170	1171	
1
986	987	991	992	1167	1168	1172	1173	
0
987	988	992	993	1168	1169	1173	1174	
0
988	989	993	994	1169	1170	1174	1175	
1
989	990	994	995	1170	1171	1175	1176	
1
991	992	996	997	1172	1173	1177	1178	
0
992	993	997	998	1173	1174	1178	1179	
0
993	994	998	999	1174	1175	1179	1180	
1
994	995	999	1000	1175	1176	1180	1181	
1
996	997	1001	1002	1177	1178	1182	1183	
0
997	998	1002	1003	1178	1179	1183	1184	
0
998	999	1003	1004	1179	1180	1184	1185	
1
999	1000	1004	1005	1180	1181	1185	1186	
1
1001	1002	1006	1007	1182	1183	1187	1188	
0
1002	1003	1007	1008	1183	1184	1188	1189	
0
1003	1004	1008	1009	1184	1185	1189	1190	
1
1004	1005	1009	1010	1185	1186	1190	1191	
1
1006	1007	1011	1012	1187	1188	1192	1193	
0
1007	1008	1012	1013	1188	1189	1193	1194	
0
1008	1009	1013	1014	1189	1190	1194	1195	
1
1009	1010	1014	1015	1190	1191	1195	1196	
1
1011	1012	1016	1017	1192	1193	1197	1198	
0
1012	1013	1017	1018	1193	1194	1198	1199	
0
1013	1014	1018	1019	1194	1195	1199	1200	
1
1014	1015	1019	1020	1195	1196	1200	1201	
1
1016	1017	1021	1022	1197	1198	1202	1203	
0
1017	1018	1022	1023	1198	1199	1203	1204	
0
1018	1019	1023	1024	1199	1200	1204	1205	
1
1019	1020	1024	1025	1200	1201	1205	1206	
1
1021	1022	1026	1027	1202	1203	1207	1208	
0
1022	1023	1027	1028	1203	1204	1208	1209	
0
1023	1024	1028	1029	1204	1205	1209	1210	
1
1024	1025	1029	1030	1205	1206	1210	1211	
1
1026	1027	1031	1032	1207	1208	1212	1213	
0
1027	1028	1032	1033	1208	1209	1213	1214	
0
1028	1029	1033	1034	1209	1210	1214	1215	
1
1029	1030	1034	1035	1210	1211	1215	1216	
1
1031	1032	1036	1037	1212	1213	1217	1218	
0
1032	1033	1037	1038	1213	1214	1218	1219	
0
1033	1034	1038	1039	1214	1215	1219	1220	
1
1034	1035	1039	1040	1215	1216	1220	1221	
1
1036	1037	1041	1042	1217	1218	1222	1223	
0
1037	1038	1042	1043	1218	1219	1223	1224	
0
1038	1039	1043	1044	1219	1220	1224	1225	
1
1039	1040	1044	1045	1220	1221	1225	1226	
1
1041	1042	1046	1047	1222	1223	1227	1228	
0
1042	1043	1047	1048	1223	1224	1228	1229	
0
1043	1044	1048	1049	1224	1225	1229	1230	
1
1044	1045	1049	1050	1225	1226	1230	1231	
1
1046	1047	1051	1052	1227	1228	1232	1233	
0
1047	1048	1052	1053	1228	1229	1233	1234	
0
1048	1049	1053	1054	1229	1230	1234	1235	
1
1049	1050	1054	1055	1230	1231	1235	1236	
1
1051	1052	1056	1057	1232	1233	1237	1238	
0
1052	1053	1057	1058	1233	1234	1238	1239	
0
1053	1054	1058	1059	1234	1235	1239	1240	
1
1054	1055	1059	1060	1235	1236	1240	1241	
1
1056	1057	1061	1062	1237	1238	1242	1243	
0
1057	1058	1062	1063	1238	1239	1243	1244	
0
1058	1059	1063	1064	1239	1240	1244	1245	
1
1059	1060	1064	1065	1240	1241	1245	1246	
1
1061	1062	1066	1067	1242	1243	1247	1248	
0
1062	1063	1067	1068	1243	1244	1248	1249	
0
1063	1064	1068	1069	1244	1245	1249	1250	
1
1064	1065	1069	1070	1245	1246	1250	1251	
1
1066	1067	1071	1072	1247	1248	1252	1253	
0
1067	1068	1072	1073	1248	1249	1253	1254	
0
1068	1069	1073	1074	1249	1250	1254	1255	
1
1069	1070	1074	1075	1250	1251	1255	1256	
1
1071	1072	1076	1077	1252	1253	1257	1258	
0
1072	1073	1077	1078	1253	1254	1258	1259	
0
1073	1074	1078	1079	1254	1255	1259	1260	
1
1074	1075	1079	1080	1255	1256	1260	1261	
1
1076	1077	1081	1082	1257	1258	1262	1263	
0
1077	1078	1082	1083	1258	1259	1263	1264	
0
1078	1079	1083	1084	1259	1260	1264	1265	
1
1079	1080	1084	1085	1260	1261	1265	1266	
1
1081	1082	906	907	1262	1263	1087	1088	
0
1082	1083	907	908	1263	1264	1088	1089	
0
1083	1084	908	909	1264	1265	1089	1090	
1
1084	1085	909	910	1265	1266	1090	1091	
1
1087	1088	1092	1093	1268	1269	1273	1274	
0
1088	1089	1093	1094	1269	1270	1274	1275	
0
1089	1090	1094	1095	1270	1271	1275	1276	
1
1090	1091	1095	1096	1271	1272	1276	1277	
1
1092	1093	1097	1098	1273	1274	1278	1279	
0
1093	1094	1098	1099	1274	1275	1279	1280	
0
1094	1095	1099	1100	1275	1276	1280	1281	
1
1095	1096	1100	1101	1276	1277	1281	1282	
1
1097	1098	1102	1103	1278	1279	1283	1284	
0
1098	1099	1103	1104	1279	1280	1284	1285	
0
1099	1100	1104	1105	1280	1281	1285	1286	
1
1100	1101	1105	1106	1281	1282	1286	1287	
1
1102	1103	1107	1108	1283	1284	1288	1289	
0
1103	1104	1108	1109	1284	1285	1289	1290	
0
1104	1105	1109	1110	1285	1286	1290	1291	
1
1105	1106	1110	1111	1286	1287	1291	1292	
1
1107	1108	1112	1113	1288	1289	1293	1294	
0
1108	1109	1113	1114	1289	1290	1294	1295	
0
1109	1110	1114	1115	1290	1291	1295	1296	
1
1110	1111	1115	1116	1291	1292	1296	1297	
1
1112	1113	1117	1118	1293	1294	1298	1299	
0
1113	1114	1118	1119	1294	1295	1299	1300	
0
1114	1115	1119	1120	1295	1296	1300	1301	
1
1115	1116	1120	1121	1296	1297	1301	1302	
1
1117	1118	1122	1123	1298	1299	1303	1304	
0
1118	1119	1123	1124	1299	1300	1304	1305	
0
1119	1120	1124	1125	1300	1301	1305	1306	
1
1120	1121	1125	1126	1301	1302	1306	1307	
1
1122	1123	1127	1128	1303	1304	1308	1309	
0
1123	1124	1128	1129	1304	1305	1309	1310	
0
1124	1125	1129	1130	1305	1306	1310	1311	
1
1125	1126	1130	1131	1306	1307	1311	1312	
1
1127	1128	1132	1133	1308	1309	1313	1314	
0
1128	1129	1133	1134	1309	1310	1314	1315	
0
1129	1130	1134	1135	1310	1311	1315	1316	
1
1130	1131	1135	1136	1311	1312	1316	1317	
1
1132	1133	1137	1138	1313	1314	1318	1319	
0
1133	1134	1138	1139	1314	1315	1319	1320	
0
1134	1135	1139	1140	1315	1316	1320	1321	
1
1135	1136	1140	1141	1316	1317	1321	1322	
1
1137	1138	1142	1143	1318	1319	1323	1324	
0
1138	1139	1143	1144	1319	1320	1324	1325	
0
1139	1140	1144	1145	1320	1321	1325	1326	
1
1140	1141	1145	1146	1321	1322	1326	1327	
1
1142	1143	1147	1148	1323	1324	1328	1329	
0
1143	1144	1148	1149	1324	1325	1329	1330	
0
1144	1145	1149	1150	1325	1326	1330	1331	
1
1145	1146	1150	1151	1326	1327	1331	1332	
1
1147	1148	1152	1153	1328	1329	1333	1334	
0
1148	1149	1153	1154	1329	1330	1334	1335	
0
1149	1150	1154	1155	1330	1331	1335	1336	
1
1150	1151	1155	1156	1331	1332	1336	1337	
1
1152	1153	1157	1158	1333	1334	1338	1339	
0
1153	1154	1158	1159	1334	1335	1339	1340	
0
1154	1155	1159	1160	1335	1336	1340	1341	
1
1155	1156	1160	1161	1336	1337	1341	1342	
1
1157	1158	1162	1163	1338	1339	1343	1344	
0
1158	1159	1163	1164	1339	1340	1344	1345	
0
1159	1160	1164	1165	1340	1341	1345	1346	
1
1160	1161	1165	1166	1341	1342	1346	1347	
1
1162	1163	1167	1168	1343	1344	1348	1349	
0
1163	1164	1168	1169	1344	1345	1349	1350	
0
1164	1165	1169	1170	1345	1346	1350	1351	
1
1165	1166	1170	1171	1346	1347	1351	1352	
1
1167	1168	1172	1173	1348	1349	1353	1354	
0
1168	1169	1173	1174	1349	1350	1354	1355	
0
1169	1170	1174	1175	1350	1351	1355	1356	
1
1170	1171	1175	1176	1351	1352	1356	1357	
1
1172	1173	1177	1178	1353	1354	1358	1359	
0
1173	1174	1178	1179	1354	1355	1359	1360	
0
1174	1175	1179	1180	1355	1356	1360	1361	
1
1175	1176	1180	1181	1356	1357	1361	1362	
1
1177	1178	1182	1183	1358	1359	1363	1364	
0
1178	1179	1183	1184	1359	1360	1364	1365	
0
1179	1180	1184	1185	1360	1361	1365	1366	
1
1180	1181	1185	1186	1361	1362	1366	1367	
1
1182	1183	1187	1188	1363	1364	1368	1369	
0
1183	1184	1188	1189	1364	1365	1369	1370	
0
1184	1185	1189	1190	1365	1366	1370	1371	
1
1185	1186	1190	1191	1366	1367	1371	1372	
1
1187	1188	1192	1193	1368	1369	1373	1374	
0
1188	1189	1193	1194	1369	1370	1374	1375	
0
1189	1190	1194	1195	1370	1371	1375	1376	
1
1190	1191	1195	1196	1371	1372	1376	1377	
1
1192	1193	1197	1198	1373	1374	1378	1379	
0
1193	1194	1198	1199	1374	1375	1379	1380	
0
1194	1195	1199	1200	1375	1376	1380	1381	
1
1195	1196	1200	1201	1376	1377	1381	1382	
1
1197	1198	1202	1203	1378	1379	1383	1384	
0
1198	1199	1203	1204	1379	1380	1384	1385	
0
1199	1200	1204	1205	1380	1381	1385	1386	
1
1200	1201	1205	1206	1381	1382	1386	1387	
1
1202	1203	1207	1208	1383	1384	1388	1389	
0
1203	1204	1208	1209	1384	1385	1389	1390	
0
1204	1205	1209	1210	1385	1386	1390	1391	
1
1205	1206	1210	1211	1386	1387	1391	1392	
1
1207	1208	1212	1213	1388	1389	1393	1394	
0
1208	1209	1213	1214	1389	1390	1394	1395	
0
1209	1210	1214	1215	1390	1391	1395	1396	
1
1210	1211	1215	1216	1391	1392	1396	1397	
1
1212	1213	1217	1218	1393	1394	1398	1399	
0
1213	1214	1218	1219	1394	1395	1399	1400	
0
1214	1215	1219	1220	1395	1396	1400	1401	
1
1215	1216	1220	1221	1396	1397	1401	1402	
1
1217	1218	1222	1223	1398	1399	1403	1404	
0
1218	1219	1223	1224	1399	1400	1404	1405	
0
1219	1220	1224	1225	1400	1401	1405	1406	
1
1220	1221	1225	1226	1401	1402	1406	1407	
1
1222	1223	1227	1228	1403	1404	1408	1409	
0
1223	1224	1228	1229	1404	1405	1409	1410	
0
1224	1225	1229	1230	1405	1406	1410	1411	
1
1225	1226	1230	1231	1406	1407	1411	1412	
1
1227	1228	1232	1233	1408	1409	1413	1414	
0
1228	1229	1233	1234	1409	1410	1414	1415	
0
1229	1230	1234	1235	1410	1411	1415	1416	
1
1230	1231	1235	1236	1411	1412	1416	1417	
1
1232	1233	1237	1238	1413	1414	1418	1419	
0
1233	1234	1238	1239	1414	1415	1419	1420	
0
1234	1235	1239	1240	1415	1416	1420	1421	
1
1235	1236	1240	1241	1416	1417	1421	1422	
1
1237	1238	1242	1243	1418	1419	1423	1424	
0
1238	1239	1243	1244	1419	1420	1424	1425	
0
1239	1240	1244	1245	1420	1421	1425	1426	
1
1240	1241	1245	1246	1421	1422	1426	1427	
1
1242	1243	1247	1248	1423	1424	1428	1429	
0
1243	1244	1248	1249	1424	1425	1429	1430	
0
1244	1245	1249	1250	1425	1426	1430	1431	
1
1245	1246	1250	1251	1426	1427	1431	1432	
1
1247	1248	1252	1253	1428	1429	1433	1434	
0
1248	1249	1253	1254	1429	1430	1434	1435	
0
1249	1250	1254	1255	1430	1431	1435	1436	
1
1250	1251	1255	1256	1431	1432	1436	1437	
1
1252	1253	1257	1258	1433	1434	1438	1439	
0
1253	1254	1258	1259	1434	1435	1439	1440	
0
1254	1255	1259	1260	1435	1436	1440	1441	
1
1255	1256	1260	1261	1436	1437	1441	1442	
1
1257	1258	1262	1263	1438	1439	1443	1444	
0
1258	1259	1263	1264	1439	1440	1444	1445	
0
1259	1260	1264	1265	1440	1441	1445	1446	
1
1260	1261	1265	1266	1441	1442	1446	1447	
1
1262	1263	1087	1088	1443	1444	1268	1269	
0
1263	1264	1088	1089	1444	1445	1269	1270	
0
1264	1265	1089	1090	1445	1446	1270	1271	
1
1265	1266	1090	1091	1446	1447	1271	1272	
1
1268	1269	1273	1274	1449	1450	1454	1455	
0
1269	1270	1274	1275	1450	1451	1455	1456	
0
1270	1271	1275	1276	1451	1452	1456	1457	
1
1271	1272	1276	1277	1452	1453	1457	1458	
1
1273	1274	1278	1279	1454	1455	1459	1460	
0
1274	1275	1279	1280	1455	1456	1460	1461	
0
1275	1276	1280	1281	1456	1457	1461	1462	
1
1276	1277	1281	1282	1457	1458	1462	1463	
1
1278	1279	1283	1284	1459	1460	1464	1465	
0
1279	1280	1284	1285	1460	1461	1465	1466	
0
1280	1281	1285	1286	1461	1462	1466	1467	
1
1281	1282	1286	1287	1462	1463	1467	1468	
1
1283	1284	1288	1289	1464	1465	1469	1470	
0
1284	1285	1289	1290	1465	1466	1470	1471	
0
1285	1286	1290	1291	1466	1467	1471	1472	
1
1286	1287	1291	1292	1467	1468	1472	1473	
1
1288	1289	1293	1294	1469	1470	1474	1475	
0
1289	1290	1294	1295	1470	1471	1475	1476	
0
1290	1291	1295	1296	1471	1472	1476	1477	
1
1291	1292	1296	1297	1472	1473	1477	1478	
1
1293	1294	1298	1299	1474	1475	1479	1480	
0
1294	1295	1299	1300	1475	1476	1480	1481	
0
1295	1296	1300	1301	1476	1477	1481	1482	
1
1296	1297	1301	1302	1477	1478	1482	1483	
1
1298	1299	1303	1304	1479	1480	1484	1485	
0
1299	1300	1304	1305	1480	1481	1485	1486	
0
1300	1301	1305	1306	1481	1482	1486	1487	
1
1301	1302	1306	1307	1482	1483	1487	1488	
1
1303	1304	1308	1309	1484	1485	1489	1490	
0
1304	1305	1309	1310	1485	1486	1490	1491	
0
1305	1306	1310	1311	1486	1487	1491	1492	
1
1306	1307	1311	1312	1487	1488	1492	1493	
1
1308	1309	1313	1314	1489	1490	1494	1495	
0
1309	1310	1314	1315	1490	1491	1495	1496	
0
1310	1311	1315	1316	1491	1492	1496	1497	
1
1311	1312	1316	1317	1492	1493	1497	1498	
1
1313	1314	1318	1319	1494	1495	1499	1500	
0
1314	1315	1319	1320	1495	1496	1500	1501	
0
1315	1316	1320	1321	1496	1497	1501	1502	
1
1316	1317	1321	1322	1497	1498	1502	1503	
1
1318	1319	1323	1324	1499	1500	1504	1505	
0
1319	1320	1324	1325	1500	1501	1505	1506	
0
1320	1321	1325	1326	1501	1502	1506	1507	
1
1321	1322	1326	1327	1502	1503	1507	1508	
1
1323	1324	1328	1329	1504	1505	1509	1510	
0
1324	1325	1329	1330	1505	1506	1510	1511	
0
1325	1326	1330	1331	1506	1507	1511	1512	
1
1326	1327	1331	1332	1507	1508	1512	1513	
1
1328	1329	1333	1334	1509	1510	1514	1515	
0
1329	1330	1334	1335	1510	1511	1515	1516	
0
1330	1331	1335	1336	1511	1512	1516	1517	
1
1331	1332	1336	1337	1512	1513	1517	1518	
1
1333	1334	1338	1339	1514	1515	1519	1520	
0
1334	1335	1339	1340	1515	1516	1520	1521	
0
1335	1336	1340	1341	1516	1517	1521	1522	
1
1336	1337	1341	1342	1517	1518	1522	1523	
1
1338	1339	1343	1344	1519	1520	1524	1525	
0
1339	1340	1344	1345	1520	1521	1525	1526	
0
1340	1341	1345	1346	1521	1522	1526	1527	
1
1341	1342	1346	1347	1522	1523	1527	1528	
1
1343	1344	1348	1349	1524	1525	1529	1530	
0
1344	1345	1349	1350	1525	1526	1530	1531	
0
1345	1346	1350	1351	1526	1527	1531	1532	
1
1346	1347	1351	1352	1527	1528	1532	1533	
1
1348	1349	1353	1354	1529	1530	1534	1535	
0
1349	1350	1354	1355	1530	1531	1535	1536	
0
1350	1351	1355	1356	1531	1532	1536	1537	
1
1351	1352	1356	1357	1532	1533	1537	1538	
1
1353	1354	1358	1359	1534	1535	1539	1540	
0
1354	1355	1359	1360	1535	1536	1540	1541	
0
1355	1356	1360	1361	1536	1537	1541	1542	
1
1356	1357	1361	1362	1537	1538	1542	1543	
1
1358	1359	1363	1364	1539	1540	1544	1545	
0
1359	1360	1364	1365	1540	1541	1545	1546	
0
1360	1361	1365	1366	1541	1542	1546	1547	
1
1361	1362	1366	1367	1542	1543	1547	1548	
1
1363	1364	1368	1369	1544	1545	1549	1550	
0
1364	1365	1369	1370	1545	1546	1550	1551	
0
1365	1366	1370	1371	1546	1547	1551	1552	
1
1366	1367	1371	1372	1547	1548	1552	1553	
1
1368	1369	1373	1374	1549	1550	1554	1555	
0
1369	1370	1374	1375	1550	1551	1555	1556	
0
1370	1371	1375	1376	1551	1552	1556	1557	
1
1371	1372	1376	1377	1552	1553	1557	1558	
1
1373	1374	1378	1379	1554	1555	1559	1560	
0
1374	1375	1379	1380	1555	1556	1560	1561	
0
1375	1376	1380	1381	1556	1557	1561	1562	
1
1376	1377	1381	1382	1557	1558	1562	1563	
1
1378	1379	1383	1384	1559	1560	1564	1565	
0
1379	1380	1384	1385	1560	1561	1565	1566	
0
1380	1381	1385	1386	1561	1562	1566	1567	
1
1381	1382	1386	1387	1562	1563	1567	1568	
1
1383	1384	1388	1389	1564	1565	1569	1570	
0
1384	1385	1389	1390	1565	1566	1570	1571	
0
1385	1386	1390	1391	1566	1567	1571	1572	
1
1386	1387	1391	1392	1567	1568	1572	1573	
1
1388	1389	1393	1394	1569	1570	1574	1575	
0
1389	1390	1394	1395	1570	1571	1575	1576	
0
1390	1391	1395	1396	1571	1572	1576	1577	
1
1391	1392	1396	1397	1572	1573	1577	1578	
1
1393	1394	1398	1399	1574	1575	1579	1580	
0
1394	1395	1399	1400	1575	1576	1580	1581	
0
1395	1396	1400	1401	1576	1577	1581	1582	
1
1396	1397	1401	1402	1577	1578	1582	1583	
1
1398	1399	1403	1404	1579	1580	1584	1585	
0
1399	1400	1404	1405	1580	1581	1585	1586	
0
1400	1401	1405	1406	1581	1582	1586	1587	
1
1401	1402	1406	1407	1582	1583	1587	1588	
1
1403	1404	1408	1409	1584	1585	1589	1590	
0
1404	1405	1409	1410	1585	1586	1590	1591	
0
1405	1406	1410	1411	1586	1587	1591	1592	
1
1406	1407	1411	1412	1587	1588	1592	1593	
1
1408	1409	1413	1414	1589	1590	1594	1595	
0
1409	1410	1414	1415	1590	1591	1595	1596	
0
1410	1411	1415	1416	1591	1592	1596	1597	
1
1411	1412	1416	1417	1592	1593	1597	1598	
1
1413	1414	1418	1419	1594	1595	1599	1600	
0
1414	1415	1419	1420	1595	1596	1600	1601	
0
1415	1416	1420	1421	1596	1597	1601	1602	
1
1416	1417	1421	1422	1597	1598	1602	1603	
1
1418	1419	1423	1424	1599	1600	1604	1605	
0
1419	1420	1424	1425	1600	1601	1605	1606	
0
1420	1421	1425	1426	1601	1602	1606	1607	
1
1421	1422	1426	1427	1602	1603	1607	1608	
1
1423	1424	1428	1429	1604	1605	1609	1610	
0
1424	1425	1429	1430	1605	1606	1610	1611	
0
1425	1426	1430	1431	1606	1607	1611	1612	
1
1426	1427	1431	1432	1607	1608	1612	1613	
1
1428	1429	1433	1434	1609	1610	1614	1615	
0
1429	1430	1434	1435	1610	1611	1615	1616	
0
1430	1431	1435	1436	1611	1612	1616	1617	
1
1431	1432	1436	1437	1612	1613	1617	1618	
1
1433	1434	1438	1439	1614	1615	1619	1620	
0
1434	1435	1439	1440	1615	1616	1620	1621	
0
1435	1436	1440	1441	1616	1617	1621	1622	
1
1436	1437	1441	1442	1617	1618	1622	1623	
1
1438	1439	1443	1444	1619	1620	1624	1625	
0
1439	1440	1444	1445	1620	1621	1625	1626	
0
1440	1441	1445	1446	1621	1622	1626	1627	
1
1441	1442	1446	1447	1622	1623	1627	1628	
1
1443	1444	1268	1269	1624	1625	1449	1450	
0
1444	1445	1269	1270	1625	1626	1450	1451	
0
1445	1446	1270	1271	1626	1627	1451	1452	
1
1446	1447	1271	1272	1627	1628	1452	1453	
1
