18
1       2       5       6       13      14      17      18
1
1
1
2       3       6       7       14      15      18      19
1
1
1
3       4       7       8       15      16      19      20
1
1
1
5       6       9       10      17      18      21      22
1
1
1
6       7       10      11      18      19      22      23
1
1
1
7       8       11      12      19      20      23      24
1
1
1
9       10      1       2       21      22      13      14
1
1
1
10      11      2       3       22      23      14      15
1
1
1
11      12      3       4       23      24      15      16
1
1
1
13      14      17      18      25      26      29      30
1
1
1
14      15      18      19      26      27      30      31
1
1
1
15      16      19      20      27      28      31      32
1
1
1
17      18      21      22      29      30      33      34
1
1
1
18      19      22      23      30      31      34      35
1
1
1
19      20      23      24      31      32      35      36
1
1
1
21      22      13      14      33      34      25      26
1
1
1
22      23      14      15      34      35      26      27
1
1
1
23      24      15      16      35      36      27      28
1
1
1