0               0               0
0               0.08            0
0               0.16            0
0               0.24            0
0               0.32            0
0               0.4             0
0               0.48            0
0               0.56            0
0               0.64            0
0               0.72            0
0               0.8             0
0               0.88            0
0               0.96            0
0               1               0
0               1.04            0
0               1.12            0
0               1.2             0
0               1.28            0
0               1.36            0
0               1.44            0
0               1.52            0
0               1.6             0
0               1.68            0
0               1.76            0
0               1.84            0
0               1.92            0
0               2               0
0.08            0               0
0.08            0.08            0
0.08            0.16            0
0.08            0.24            0
0.08            0.32            0
0.08            0.4             0
0.08            0.48            0
0.08            0.56            0
0.08            0.64            0
0.08            0.72            0
0.08            0.8             0
0.08            0.88            0
0.08            0.96            0
0.08            1               0
0.08            1.04            0
0.08            1.12            0
0.08            1.2             0
0.08            1.28            0
0.08            1.36            0
0.08            1.44            0
0.08            1.52            0
0.08            1.6             0
0.08            1.68            0
0.08            1.76            0
0.08            1.84            0
0.08            1.92            0
0.08            2               0
0.16            0               0
0.16            0.08            0
0.16            0.16            0
0.16            0.24            0
0.16            0.32            0
0.16            0.4             0
0.16            0.48            0
0.16            0.56            0
0.16            0.64            0
0.16            0.72            0
0.16            0.8             0
0.16            0.88            0
0.16            0.96            0
0.16            1               0
0.16            1.04            0
0.16            1.12            0
0.16            1.2             0
0.16            1.28            0
0.16            1.36            0
0.16            1.44            0
0.16            1.52            0
0.16            1.6             0
0.16            1.68            0
0.16            1.76            0
0.16            1.84            0
0.16            1.92            0
0.16            2               0
0.24            0               0
0.24            0.08            0
0.24            0.16            0
0.24            0.24            0
0.24            0.32            0
0.24            0.4             0
0.24            0.48            0
0.24            0.56            0
0.24            0.64            0
0.24            0.72            0
0.24            0.8             0
0.24            0.88            0
0.24            0.96            0
0.24            1               0
0.24            1.04            0
0.24            1.12            0
0.24            1.2             0
0.24            1.28            0
0.24            1.36            0
0.24            1.44            0
0.24            1.52            0
0.24            1.6             0
0.24            1.68            0
0.24            1.76            0
0.24            1.84            0
0.24            1.92            0
0.24            2               0
0.32            0               0
0.32            0.08            0
0.32            0.16            0
0.32            0.24            0
0.32            0.32            0
0.32            0.4             0
0.32            0.48            0
0.32            0.56            0
0.32            0.64            0
0.32            0.72            0
0.32            0.8             0
0.32            0.88            0
0.32            0.96            0
0.32            1               0
0.32            1.04            0
0.32            1.12            0
0.32            1.2             0
0.32            1.28            0
0.32            1.36            0
0.32            1.44            0
0.32            1.52            0
0.32            1.6             0
0.32            1.68            0
0.32            1.76            0
0.32            1.84            0
0.32            1.92            0
0.32            2               0
0.4             0               0
0.4             0.08            0
0.4             0.16            0
0.4             0.24            0
0.4             0.32            0
0.4             0.4             0
0.4             0.48            0
0.4             0.56            0
0.4             0.64            0
0.4             0.72            0
0.4             0.8             0
0.4             0.88            0
0.4             0.96            0
0.4             1               0
0.4             1.04            0
0.4             1.12            0
0.4             1.2             0
0.4             1.28            0
0.4             1.36            0
0.4             1.44            0
0.4             1.52            0
0.4             1.6             0
0.4             1.68            0
0.4             1.76            0
0.4             1.84            0
0.4             1.92            0
0.4             2               0
0.48            0               0
0.48            0.08            0
0.48            0.16            0
0.48            0.24            0
0.48            0.32            0
0.48            0.4             0
0.48            0.48            0
0.48            0.56            0
0.48            0.64            0
0.48            0.72            0
0.48            0.8             0
0.48            0.88            0
0.48            0.96            0
0.48            1               0
0.48            1.04            0
0.48            1.12            0
0.48            1.2             0
0.48            1.28            0
0.48            1.36            0
0.48            1.44            0
0.48            1.52            0
0.48            1.6             0
0.48            1.68            0
0.48            1.76            0
0.48            1.84            0
0.48            1.92            0
0.48            2               0
0.56            0               0
0.56            0.08            0
0.56            0.16            0
0.56            0.24            0
0.56            0.32            0
0.56            0.4             0
0.56            0.48            0
0.56            0.56            0
0.56            0.64            0
0.56            0.72            0
0.56            0.8             0
0.56            0.88            0
0.56            0.96            0
0.56            1               0
0.56            1.04            0
0.56            1.12            0
0.56            1.2             0
0.56            1.28            0
0.56            1.36            0
0.56            1.44            0
0.56            1.52            0
0.56            1.6             0
0.56            1.68            0
0.56            1.76            0
0.56            1.84            0
0.56            1.92            0
0.56            2               0
0.64            0               0
0.64            0.08            0
0.64            0.16            0
0.64            0.24            0
0.64            0.32            0
0.64            0.4             0
0.64            0.48            0
0.64            0.56            0
0.64            0.64            0
0.64            0.72            0
0.64            0.8             0
0.64            0.88            0
0.64            0.96            0
0.64            1               0
0.64            1.04            0
0.64            1.12            0
0.64            1.2             0
0.64            1.28            0
0.64            1.36            0
0.64            1.44            0
0.64            1.52            0
0.64            1.6             0
0.64            1.68            0
0.64            1.76            0
0.64            1.84            0
0.64            1.92            0
0.64            2               0
0.72            0               0
0.72            0.08            0
0.72            0.16            0
0.72            0.24            0
0.72            0.32            0
0.72            0.4             0
0.72            0.48            0
0.72            0.56            0
0.72            0.64            0
0.72            0.72            0
0.72            0.8             0
0.72            0.88            0
0.72            0.96            0
0.72            1               0
0.72            1.04            0
0.72            1.12            0
0.72            1.2             0
0.72            1.28            0
0.72            1.36            0
0.72            1.44            0
0.72            1.52            0
0.72            1.6             0
0.72            1.68            0
0.72            1.76            0
0.72            1.84            0
0.72            1.92            0
0.72            2               0
0.8             0               0
0.8             0.08            0
0.8             0.16            0
0.8             0.24            0
0.8             0.32            0
0.8             0.4             0
0.8             0.48            0
0.8             0.56            0
0.8             0.64            0
0.8             0.72            0
0.8             0.8             0
0.8             0.88            0
0.8             0.96            0
0.8             1               0
0.8             1.04            0
0.8             1.12            0
0.8             1.2             0
0.8             1.28            0
0.8             1.36            0
0.8             1.44            0
0.8             1.52            0
0.8             1.6             0
0.8             1.68            0
0.8             1.76            0
0.8             1.84            0
0.8             1.92            0
0.8             2               0
0.88            0               0
0.88            0.08            0
0.88            0.16            0
0.88            0.24            0
0.88            0.32            0
0.88            0.4             0
0.88            0.48            0
0.88            0.56            0
0.88            0.64            0
0.88            0.72            0
0.88            0.8             0
0.88            0.88            0
0.88            0.96            0
0.88            1               0
0.88            1.04            0
0.88            1.12            0
0.88            1.2             0
0.88            1.28            0
0.88            1.36            0
0.88            1.44            0
0.88            1.52            0
0.88            1.6             0
0.88            1.68            0
0.88            1.76            0
0.88            1.84            0
0.88            1.92            0
0.88            2               0
0.96            0               0
0.96            0.08            0
0.96            0.16            0
0.96            0.24            0
0.96            0.32            0
0.96            0.4             0
0.96            0.48            0
0.96            0.56            0
0.96            0.64            0
0.96            0.72            0
0.96            0.8             0
0.96            0.88            0
0.96            0.96            0
0.96            1               0
0.96            1.04            0
0.96            1.12            0
0.96            1.2             0
0.96            1.28            0
0.96            1.36            0
0.96            1.44            0
0.96            1.52            0
0.96            1.6             0
0.96            1.68            0
0.96            1.76            0
0.96            1.84            0
0.96            1.92            0
0.96            2               0
1               0               0
1               0.08            0
1               0.16            0
1               0.24            0
1               0.32            0
1               0.4             0
1               0.48            0
1               0.56            0
1               0.64            0
1               0.72            0
1               0.8             0
1               0.88            0
1               0.96            0
1               1               0
1               1.04            0
1               1.12            0
1               1.2             0
1               1.28            0
1               1.36            0
1               1.44            0
1               1.52            0
1               1.6             0
1               1.68            0
1               1.76            0
1               1.84            0
1               1.92            0
1               2               0
1.04            0               0
1.04            0.08            0
1.04            0.16            0
1.04            0.24            0
1.04            0.32            0
1.04            0.4             0
1.04            0.48            0
1.04            0.56            0
1.04            0.64            0
1.04            0.72            0
1.04            0.8             0
1.04            0.88            0
1.04            0.96            0
1.04            1               0
1.04            1.04            0
1.04            1.12            0
1.04            1.2             0
1.04            1.28            0
1.04            1.36            0
1.04            1.44            0
1.04            1.52            0
1.04            1.6             0
1.04            1.68            0
1.04            1.76            0
1.04            1.84            0
1.04            1.92            0
1.04            2               0
1.12            0               0
1.12            0.08            0
1.12            0.16            0
1.12            0.24            0
1.12            0.32            0
1.12            0.4             0
1.12            0.48            0
1.12            0.56            0
1.12            0.64            0
1.12            0.72            0
1.12            0.8             0
1.12            0.88            0
1.12            0.96            0
1.12            1               0
1.12            1.04            0
1.12            1.12            0
1.12            1.2             0
1.12            1.28            0
1.12            1.36            0
1.12            1.44            0
1.12            1.52            0
1.12            1.6             0
1.12            1.68            0
1.12            1.76            0
1.12            1.84            0
1.12            1.92            0
1.12            2               0
1.2             0               0
1.2             0.08            0
1.2             0.16            0
1.2             0.24            0
1.2             0.32            0
1.2             0.4             0
1.2             0.48            0
1.2             0.56            0
1.2             0.64            0
1.2             0.72            0
1.2             0.8             0
1.2             0.88            0
1.2             0.96            0
1.2             1               0
1.2             1.04            0
1.2             1.12            0
1.2             1.2             0
1.2             1.28            0
1.2             1.36            0
1.2             1.44            0
1.2             1.52            0
1.2             1.6             0
1.2             1.68            0
1.2             1.76            0
1.2             1.84            0
1.2             1.92            0
1.2             2               0
1.28            0               0
1.28            0.08            0
1.28            0.16            0
1.28            0.24            0
1.28            0.32            0
1.28            0.4             0
1.28            0.48            0
1.28            0.56            0
1.28            0.64            0
1.28            0.72            0
1.28            0.8             0
1.28            0.88            0
1.28            0.96            0
1.28            1               0
1.28            1.04            0
1.28            1.12            0
1.28            1.2             0
1.28            1.28            0
1.28            1.36            0
1.28            1.44            0
1.28            1.52            0
1.28            1.6             0
1.28            1.68            0
1.28            1.76            0
1.28            1.84            0
1.28            1.92            0
1.28            2               0
1.36            0               0
1.36            0.08            0
1.36            0.16            0
1.36            0.24            0
1.36            0.32            0
1.36            0.4             0
1.36            0.48            0
1.36            0.56            0
1.36            0.64            0
1.36            0.72            0
1.36            0.8             0
1.36            0.88            0
1.36            0.96            0
1.36            1               0
1.36            1.04            0
1.36            1.12            0
1.36            1.2             0
1.36            1.28            0
1.36            1.36            0
1.36            1.44            0
1.36            1.52            0
1.36            1.6             0
1.36            1.68            0
1.36            1.76            0
1.36            1.84            0
1.36            1.92            0
1.36            2               0
1.44            0               0
1.44            0.08            0
1.44            0.16            0
1.44            0.24            0
1.44            0.32            0
1.44            0.4             0
1.44            0.48            0
1.44            0.56            0
1.44            0.64            0
1.44            0.72            0
1.44            0.8             0
1.44            0.88            0
1.44            0.96            0
1.44            1               0
1.44            1.04            0
1.44            1.12            0
1.44            1.2             0
1.44            1.28            0
1.44            1.36            0
1.44            1.44            0
1.44            1.52            0
1.44            1.6             0
1.44            1.68            0
1.44            1.76            0
1.44            1.84            0
1.44            1.92            0
1.44            2               0
1.52            0               0
1.52            0.08            0
1.52            0.16            0
1.52            0.24            0
1.52            0.32            0
1.52            0.4             0
1.52            0.48            0
1.52            0.56            0
1.52            0.64            0
1.52            0.72            0
1.52            0.8             0
1.52            0.88            0
1.52            0.96            0
1.52            1               0
1.52            1.04            0
1.52            1.12            0
1.52            1.2             0
1.52            1.28            0
1.52            1.36            0
1.52            1.44            0
1.52            1.52            0
1.52            1.6             0
1.52            1.68            0
1.52            1.76            0
1.52            1.84            0
1.52            1.92            0
1.52            2               0
1.6             0               0
1.6             0.08            0
1.6             0.16            0
1.6             0.24            0
1.6             0.32            0
1.6             0.4             0
1.6             0.48            0
1.6             0.56            0
1.6             0.64            0
1.6             0.72            0
1.6             0.8             0
1.6             0.88            0
1.6             0.96            0
1.6             1               0
1.6             1.04            0
1.6             1.12            0
1.6             1.2             0
1.6             1.28            0
1.6             1.36            0
1.6             1.44            0
1.6             1.52            0
1.6             1.6             0
1.6             1.68            0
1.6             1.76            0
1.6             1.84            0
1.6             1.92            0
1.6             2               0
1.68            0               0
1.68            0.08            0
1.68            0.16            0
1.68            0.24            0
1.68            0.32            0
1.68            0.4             0
1.68            0.48            0
1.68            0.56            0
1.68            0.64            0
1.68            0.72            0
1.68            0.8             0
1.68            0.88            0
1.68            0.96            0
1.68            1               0
1.68            1.04            0
1.68            1.12            0
1.68            1.2             0
1.68            1.28            0
1.68            1.36            0
1.68            1.44            0
1.68            1.52            0
1.68            1.6             0
1.68            1.68            0
1.68            1.76            0
1.68            1.84            0
1.68            1.92            0
1.68            2               0
1.76            0               0
1.76            0.08            0
1.76            0.16            0
1.76            0.24            0
1.76            0.32            0
1.76            0.4             0
1.76            0.48            0
1.76            0.56            0
1.76            0.64            0
1.76            0.72            0
1.76            0.8             0
1.76            0.88            0
1.76            0.96            0
1.76            1               0
1.76            1.04            0
1.76            1.12            0
1.76            1.2             0
1.76            1.28            0
1.76            1.36            0
1.76            1.44            0
1.76            1.52            0
1.76            1.6             0
1.76            1.68            0
1.76            1.76            0
1.76            1.84            0
1.76            1.92            0
1.76            2               0
1.84            0               0
1.84            0.08            0
1.84            0.16            0
1.84            0.24            0
1.84            0.32            0
1.84            0.4             0
1.84            0.48            0
1.84            0.56            0
1.84            0.64            0
1.84            0.72            0
1.84            0.8             0
1.84            0.88            0
1.84            0.96            0
1.84            1               0
1.84            1.04            0
1.84            1.12            0
1.84            1.2             0
1.84            1.28            0
1.84            1.36            0
1.84            1.44            0
1.84            1.52            0
1.84            1.6             0
1.84            1.68            0
1.84            1.76            0
1.84            1.84            0
1.84            1.92            0
1.84            2               0
1.92            0               0
1.92            0.08            0
1.92            0.16            0
1.92            0.24            0
1.92            0.32            0
1.92            0.4             0
1.92            0.48            0
1.92            0.56            0
1.92            0.64            0
1.92            0.72            0
1.92            0.8             0
1.92            0.88            0
1.92            0.96            0
1.92            1               0
1.92            1.04            0
1.92            1.12            0
1.92            1.2             0
1.92            1.28            0
1.92            1.36            0
1.92            1.44            0
1.92            1.52            0
1.92            1.6             0
1.92            1.68            0
1.92            1.76            0
1.92            1.84            0
1.92            1.92            0
1.92            2               0
2               0               0
2               0.08            0
2               0.16            0
2               0.24            0
2               0.32            0
2               0.4             0
2               0.48            0
2               0.56            0
2               0.64            0
2               0.72            0
2               0.8             0
2               0.88            0
2               0.96            0
2               1               0
2               1.04            0
2               1.12            0
2               1.2             0
2               1.28            0
2               1.36            0
2               1.44            0
2               1.52            0
2               1.6             0
2               1.68            0
2               1.76            0
2               1.84            0
2               1.92            0
2               2               0
