30
0	1	6	76	77	82	
1
1
1
0	6	11	76	82	87	
1
1
1
0	11	16	76	87	92	
1
1
1
0	16	21	76	92	97	
1
1
1
0	21	26	76	97	102	
1
1
1
0	26	31	76	102	107	
1
1
1
0	31	36	76	107	112	
1
1
1
0	36	41	76	112	117	
1
1
1
0	41	46	76	117	122	
1
1
1
0	46	51	76	122	127	
1
1
1
0	51	56	76	127	132	
1
1
1
0	56	61	76	132	137	
1
1
1
0	61	66	76	137	142	
1
1
1
0	66	71	76	142	147	
1
1
1
0	71	1	76	147	77	
1
1
1
76	77	82	152	153	158	
1
1
1
76	82	87	152	158	163	
1
1
1
76	87	92	152	163	168	
1
1
1
76	92	97	152	168	173	
1
1
1
76	97	102	152	173	178	
1
1
1
76	102	107	152	178	183	
1
1
1
76	107	112	152	183	188	
1
1
1
76	112	117	152	188	193	
1
1
1
76	117	122	152	193	198	
1
1
1
76	122	127	152	198	203	
1
1
1
76	127	132	152	203	208	
1
1
1
76	132	137	152	208	213	
1
1
1
76	137	142	152	213	218	
1
1
1
76	142	147	152	218	223	
1
1
1
76	147	77	152	223	153	
1
1
1
