32
0	1	5	15	16	20
1
1
1
1	5	6	16	20	21
1
1
1
1	2	6	16	17	21
1
1
1
2	6	7	17	21	22
1
1
1
2	3	7	17	18	22
1
1
1
3	7	8	18	22	23
1
1
1
3	4	8	18	19	23
1
1
1
4	8	9	19	23	24
1
1
1
5	6	10	20	21	25
1
1
1
6	10	11	21	25	26
1
1
1

6	7	11	21	22	26
1
1
1

7	11	12	22	26	27
1
1
1

7	8	12	22	23	27
1
1
1

8	12	13	23	27	28
1
1
1

8	9	13	23	24	28
1
1
1

9	13	14	24	28	29
1
1
1
					
15	16	20	30	31	35
1
1
1

16	20	21	31	35	36
1
1
1

16	17	21	31	32	36
1
1
1

17	21	22	32	36	37
1
1
1

17	18	22	32	33	37
1
1
1

18	22	23	33	37	38
1
1
1

18	19	23	33	34	38
1
1
1

19	23	24	34	38	39
1
1
1

20	21	25	35	36	40
1
1
1

21	25	26	36	40	41
1
1
1

21	22	26	36	37	41
1
1
1

22	26	27	37	41	42
1
1
1

22	23	27	37	38	42
1
1
1

23	27	28	38	42	43
1
1
1

23	24	28	38	39	43
1
1
1

24	28	29	39	43	44
1
1
1

