120
1	2	3	4	62	63	64	65	
1
1
1
3	4	5	6	64	65	66	67	
1
1
1
5	6	7	8	66	67	68	69	
1
1
1
7	8	9	10	68	69	70	71	
1
1
1
9	10	11	12	70	71	72	73	
1
1
1
11	12	13	14	72	73	74	75	
1
1
1
13	14	15	16	74	75	76	77	
1
1
1
15	16	17	18	76	77	78	79	
1
1
1
17	18	19	20	78	79	80	81	
1
1
1
19	20	21	22	80	81	82	83	
1
1
1
21	22	23	24	82	83	84	85	
1
1
1
23	24	25	26	84	85	86	87	
1
1
1
25	26	27	28	86	87	88	89	
1
1
1
27	28	29	30	88	89	90	91	
1
1
1
29	30	31	32	90	91	92	93	
1
1
1
31	32	33	34	92	93	94	95	
1
1
1
33	34	35	36	94	95	96	97	
1
1
1
35	36	37	38	96	97	98	99	
1
1
1
37	38	39	40	98	99	100	101	
1
1
1
39	40	41	42	100	101	102	103	
1
1
1
41	42	43	44	102	103	104	105	
1
1
1
43	44	45	46	104	105	106	107	
1
1
1
45	46	47	48	106	107	108	109	
1
1
1
47	48	49	50	108	109	110	111	
1
1
1
49	50	51	52	110	111	112	113	
1
1
1
51	52	53	54	112	113	114	115	
1
1
1
53	54	55	56	114	115	116	117	
1
1
1
55	56	57	58	116	117	118	119	
1
1
1
57	58	59	60	118	119	120	121	
1
1
1
59	60	1	2	120	121	62	63	
1
1
1
62	63	64	65	123	124	125	126	
1
1
1
64	65	66	67	125	126	127	128	
1
1
1
66	67	68	69	127	128	129	130	
1
1
1
68	69	70	71	129	130	131	132	
1
1
1
70	71	72	73	131	132	133	134	
1
1
1
72	73	74	75	133	134	135	136	
1
1
1
74	75	76	77	135	136	137	138	
1
1
1
76	77	78	79	137	138	139	140	
1
1
1
78	79	80	81	139	140	141	142	
1
1
1
80	81	82	83	141	142	143	144	
1
1
1
82	83	84	85	143	144	145	146	
1
1
1
84	85	86	87	145	146	147	148	
1
1
1
86	87	88	89	147	148	149	150	
1
1
1
88	89	90	91	149	150	151	152	
1
1
1
90	91	92	93	151	152	153	154	
1
1
1
92	93	94	95	153	154	155	156	
1
1
1
94	95	96	97	155	156	157	158	
1
1
1
96	97	98	99	157	158	159	160	
1
1
1
98	99	100	101	159	160	161	162	
1
1
1
100	101	102	103	161	162	163	164	
1
1
1
102	103	104	105	163	164	165	166	
1
1
1
104	105	106	107	165	166	167	168	
1
1
1
106	107	108	109	167	168	169	170	
1
1
1
108	109	110	111	169	170	171	172	
1
1
1
110	111	112	113	171	172	173	174	
1
1
1
112	113	114	115	173	174	175	176	
1
1
1
114	115	116	117	175	176	177	178	
1
1
1
116	117	118	119	177	178	179	180	
1
1
1
118	119	120	121	179	180	181	182	
1
1
1
120	121	62	63	181	182	123	124	
1
1
1
123	124	125	126	184	185	186	187	
1
1
1
125	126	127	128	186	187	188	189	
1
1
1
127	128	129	130	188	189	190	191	
1
1
1
129	130	131	132	190	191	192	193	
1
1
1
131	132	133	134	192	193	194	195	
1
1
1
133	134	135	136	194	195	196	197	
1
1
1
135	136	137	138	196	197	198	199	
1
1
1
137	138	139	140	198	199	200	201	
1
1
1
139	140	141	142	200	201	202	203	
1
1
1
141	142	143	144	202	203	204	205	
1
1
1
143	144	145	146	204	205	206	207	
1
1
1
145	146	147	148	206	207	208	209	
1
1
1
147	148	149	150	208	209	210	211	
1
1
1
149	150	151	152	210	211	212	213	
1
1
1
151	152	153	154	212	213	214	215	
1
1
1
153	154	155	156	214	215	216	217	
1
1
1
155	156	157	158	216	217	218	219	
1
1
1
157	158	159	160	218	219	220	221	
1
1
1
159	160	161	162	220	221	222	223	
1
1
1
161	162	163	164	222	223	224	225	
1
1
1
163	164	165	166	224	225	226	227	
1
1
1
165	166	167	168	226	227	228	229	
1
1
1
167	168	169	170	228	229	230	231	
1
1
1
169	170	171	172	230	231	232	233	
1
1
1
171	172	173	174	232	233	234	235	
1
1
1
173	174	175	176	234	235	236	237	
1
1
1
175	176	177	178	236	237	238	239	
1
1
1
177	178	179	180	238	239	240	241	
1
1
1
179	180	181	182	240	241	242	243	
1
1
1
181	182	123	124	242	243	184	185	
1
1
1
184	185	186	187	245	246	247	248	
1
1
1
186	187	188	189	247	248	249	250	
1
1
1
188	189	190	191	249	250	251	252	
1
1
1
190	191	192	193	251	252	253	254	
1
1
1
192	193	194	195	253	254	255	256	
1
1
1
194	195	196	197	255	256	257	258	
1
1
1
196	197	198	199	257	258	259	260	
1
1
1
198	199	200	201	259	260	261	262	
1
1
1
200	201	202	203	261	262	263	264	
1
1
1
202	203	204	205	263	264	265	266	
1
1
1
204	205	206	207	265	266	267	268	
1
1
1
206	207	208	209	267	268	269	270	
1
1
1
208	209	210	211	269	270	271	272	
1
1
1
210	211	212	213	271	272	273	274	
1
1
1
212	213	214	215	273	274	275	276	
1
1
1
214	215	216	217	275	276	277	278	
1
1
1
216	217	218	219	277	278	279	280	
1
1
1
218	219	220	221	279	280	281	282	
1
1
1
220	221	222	223	281	282	283	284	
1
1
1
222	223	224	225	283	284	285	286	
1
1
1
224	225	226	227	285	286	287	288	
1
1
1
226	227	228	229	287	288	289	290	
1
1
1
228	229	230	231	289	290	291	292	
1
1
1
230	231	232	233	291	292	293	294	
1
1
1
232	233	234	235	293	294	295	296	
1
1
1
234	235	236	237	295	296	297	298	
1
1
1
236	237	238	239	297	298	299	300	
1
1
1
238	239	240	241	299	300	301	302	
1
1
1
240	241	242	243	301	302	303	304	
1
1
1
242	243	184	185	303	304	245	246	
1
1
1
