60
1	3	2	4	62	64	63	65	
1
1
1
3	5	4	6	64	66	65	67	
1
1
1
5	7	6	8	66	68	67	69	
1
1
1
7	9	8	10	68	70	69	71	
1
1
1
9	11	10	12	70	72	71	73	
1
1
1
11	13	12	14	72	74	73	75	
1
1
1
13	15	14	16	74	76	75	77	
1
1
1
15	17	16	18	76	78	77	79	
1
1
1
17	19	18	20	78	80	79	81	
1
1
1
19	21	20	22	80	82	81	83	
1
1
1
21	23	22	24	82	84	83	85	
1
1
1
23	25	24	26	84	86	85	87	
1
1
1
25	27	26	28	86	88	87	89	
1
1
1
27	29	28	30	88	90	89	91	
1
1
1
29	31	30	32	90	92	91	93	
1
1
1
31	33	32	34	92	94	93	95	
1
1
1
33	35	34	36	94	96	95	97	
1
1
1
35	37	36	38	96	98	97	99	
1
1
1
37	39	38	40	98	100	99	101	
1
1
1
39	41	40	42	100	102	101	103	
1
1
1
41	43	42	44	102	104	103	105	
1
1
1
43	45	44	46	104	106	105	107	
1
1
1
45	47	46	48	106	108	107	109	
1
1
1
47	49	48	50	108	110	109	111	
1
1
1
49	51	50	52	110	112	111	113	
1
1
1
51	53	52	54	112	114	113	115	
1
1
1
53	55	54	56	114	116	115	117	
1
1
1
55	57	56	58	116	118	117	119	
1
1
1
57	59	58	60	118	120	119	121	
1
1
1
59	1	60	2	120	62	121	63	
1
1
1
62	64	63	65	123	125	124	126	
1
1
1
64	66	65	67	125	127	126	128	
1
1
1
66	68	67	69	127	129	128	130	
1
1
1
68	70	69	71	129	131	130	132	
1
1
1
70	72	71	73	131	133	132	134	
1
1
1
72	74	73	75	133	135	134	136	
1
1
1
74	76	75	77	135	137	136	138	
1
1
1
76	78	77	79	137	139	138	140	
1
1
1
78	80	79	81	139	141	140	142	
1
1
1
80	82	81	83	141	143	142	144	
1
1
1
82	84	83	85	143	145	144	146	
1
1
1
84	86	85	87	145	147	146	148	
1
1
1
86	88	87	89	147	149	148	150	
1
1
1
88	90	89	91	149	151	150	152	
1
1
1
90	92	91	93	151	153	152	154	
1
1
1
92	94	93	95	153	155	154	156	
1
1
1
94	96	95	97	155	157	156	158	
1
1
1
96	98	97	99	157	159	158	160	
1
1
1
98	100	99	101	159	161	160	162	
1
1
1
100	102	101	103	161	163	162	164	
1
1
1
102	104	103	105	163	165	164	166	
1
1
1
104	106	105	107	165	167	166	168	
1
1
1
106	108	107	109	167	169	168	170	
1
1
1
108	110	109	111	169	171	170	172	
1
1
1
110	112	111	113	171	173	172	174	
1
1
1
112	114	113	115	173	175	174	176	
1
1
1
114	116	115	117	175	177	176	178	
1
1
1
116	118	117	119	177	179	178	180	
1
1
1
118	120	119	121	179	181	180	182	
1
1
1
120	62	121	63	181	123	182	124	
1
1
1
