480							
1	2	6	7	152	153	157	158
1999396							
0							
1							
2	3	7	8	153	154	158	159
1999396							
0							
1							
3	4	8	9	154	155	159	160
1999396							
0							
1							
4	5	9	10	155	156	160	161
25806400							
0							
1							
6	7	11	12	157	158	162	163
1999396							
0							
1							
7	8	12	13	158	159	163	164
1999396							
0							
1							
8	9	13	14	159	160	164	165
1999396							
0							
1							
9	10	14	15	160	161	165	166
25806400							
0							
1							
11	12	16	17	162	163	167	168
1999396							
0							
1							
12	13	17	18	163	164	168	169
1999396							
0							
1							
13	14	18	19	164	165	169	170
1999396							
0							
1							
14	15	19	20	165	166	170	171
25806400							
0							
1							
16	17	21	22	167	168	172	173
1999396							
0							
1							
17	18	22	23	168	169	173	174
1999396							
0							
1							
18	19	23	24	169	170	174	175
1999396							
0							
1							
19	20	24	25	170	171	175	176
25806400							
0							
1							
21	22	26	27	172	173	177	178
1999396							
0							
1							
22	23	27	28	173	174	178	179
1999396							
0							
1							
23	24	28	29	174	175	179	180
1999396							
0							
1							
24	25	29	30	175	176	180	181
25806400							
0							
1							
26	27	31	32	177	178	182	183
1999396							
0							
1							
27	28	32	33	178	179	183	184
1999396							
0							
1							
28	29	33	34	179	180	184	185
1999396							
0							
1							
29	30	34	35	180	181	185	186
25806400							
0							
1							
31	32	36	37	182	183	187	188
1999396							
0							
1							
32	33	37	38	183	184	188	189
1999396							
0							
1							
33	34	38	39	184	185	189	190
1999396							
0							
1							
34	35	39	40	185	186	190	191
25806400							
0							
1							
36	37	41	42	187	188	192	193
1999396							
0							
1							
37	38	42	43	188	189	193	194
1999396							
0							
1							
38	39	43	44	189	190	194	195
1999396							
0							
1							
39	40	44	45	190	191	195	196
25806400							
0							
1							
41	42	46	47	192	193	197	198
1999396							
0							
1							
42	43	47	48	193	194	198	199
1999396							
0							
1							
43	44	48	49	194	195	199	200
1999396							
0							
1							
44	45	49	50	195	196	200	201
25806400							
0							
1							
46	47	51	52	197	198	202	203
1999396							
0							
1							
47	48	52	53	198	199	203	204
1999396							
0							
1							
48	49	53	54	199	200	204	205
1999396							
0							
1							
49	50	54	55	200	201	205	206
25806400							
0							
1							
51	52	56	57	202	203	207	208
1999396							
0							
1							
52	53	57	58	203	204	208	209
1999396							
0							
1							
53	54	58	59	204	205	209	210
1999396							
0							
1							
54	55	59	60	205	206	210	211
25806400							
0							
1							
56	57	61	62	207	208	212	213
1999396							
0							
1							
57	58	62	63	208	209	213	214
1999396							
0							
1							
58	59	63	64	209	210	214	215
1999396							
0							
1							
59	60	64	65	210	211	215	216
25806400							
0							
1							
61	62	66	67	212	213	217	218
1999396							
0							
1							
62	63	67	68	213	214	218	219
1999396							
0							
1							
63	64	68	69	214	215	219	220
1999396							
0							
1							
64	65	69	70	215	216	220	221
25806400							
0							
1							
66	67	71	72	217	218	222	223
1999396							
0							
1							
67	68	72	73	218	219	223	224
1999396							
0							
1							
68	69	73	74	219	220	224	225
1999396							
0							
1							
69	70	74	75	220	221	225	226
25806400							
0							
1							
71	72	76	77	222	223	227	228
1999396							
0							
1							
72	73	77	78	223	224	228	229
1999396							
0							
1							
73	74	78	79	224	225	229	230
1999396							
0							
1							
74	75	79	80	225	226	230	231
25806400							
0							
1							
76	77	81	82	227	228	232	233
1999396							
0							
1							
77	78	82	83	228	229	233	234
1999396							
0							
1							
78	79	83	84	229	230	234	235
1999396							
0							
1							
79	80	84	85	230	231	235	236
25806400							
0							
1							
81	82	86	87	232	233	237	238
1999396							
0							
1							
82	83	87	88	233	234	238	239
1999396							
0							
1							
83	84	88	89	234	235	239	240
1999396							
0							
1							
84	85	89	90	235	236	240	241
25806400							
0							
1							
86	87	91	92	237	238	242	243
1999396							
0							
1							
87	88	92	93	238	239	243	244
1999396							
0							
1							
88	89	93	94	239	240	244	245
1999396							
0							
1							
89	90	94	95	240	241	245	246
25806400							
0							
1							
91	92	96	97	242	243	247	248
1999396							
0							
1							
92	93	97	98	243	244	248	249
1999396							
0							
1							
93	94	98	99	244	245	249	250
1999396							
0							
1							
94	95	99	100	245	246	250	251
25806400							
0							
1							
96	97	101	102	247	248	252	253
1999396							
0							
1							
97	98	102	103	248	249	253	254
1999396							
0							
1							
98	99	103	104	249	250	254	255
1999396							
0							
1							
99	100	104	105	250	251	255	256
25806400							
0							
1							
101	102	106	107	252	253	257	258
1999396							
0							
1							
102	103	107	108	253	254	258	259
1999396							
0							
1							
103	104	108	109	254	255	259	260
1999396							
0							
1							
104	105	109	110	255	256	260	261
25806400							
0							
1							
106	107	111	112	257	258	262	263
1999396							
0							
1							
107	108	112	113	258	259	263	264
1999396							
0							
1							
108	109	113	114	259	260	264	265
1999396							
0							
1							
109	110	114	115	260	261	265	266
25806400							
0							
1							
111	112	116	117	262	263	267	268
1999396							
0							
1							
112	113	117	118	263	264	268	269
1999396							
0							
1							
113	114	118	119	264	265	269	270
1999396							
0							
1							
114	115	119	120	265	266	270	271
25806400							
0							
1							
116	117	121	122	267	268	272	273
1999396							
0							
1							
117	118	122	123	268	269	273	274
1999396							
0							
1							
118	119	123	124	269	270	274	275
1999396							
0							
1							
119	120	124	125	270	271	275	276
25806400							
0							
1							
121	122	126	127	272	273	277	278
1999396							
0							
1							
122	123	127	128	273	274	278	279
1999396							
0							
1							
123	124	128	129	274	275	279	280
1999396							
0							
1							
124	125	129	130	275	276	280	281
25806400							
0							
1							
126	127	131	132	277	278	282	283
1999396							
0							
1							
127	128	132	133	278	279	283	284
1999396							
0							
1							
128	129	133	134	279	280	284	285
1999396							
0							
1							
129	130	134	135	280	281	285	286
25806400							
0							
1							
131	132	136	137	282	283	287	288
1999396							
0							
1							
132	133	137	138	283	284	288	289
1999396							
0							
1							
133	134	138	139	284	285	289	290
1999396							
0							
1							
134	135	139	140	285	286	290	291
25806400							
0							
1							
136	137	141	142	287	288	292	293
1999396							
0							
1							
137	138	142	143	288	289	293	294
1999396							
0							
1							
138	139	143	144	289	290	294	295
1999396							
0							
1							
139	140	144	145	290	291	295	296
25806400							
0							
1							
141	142	146	147	292	293	297	298
1999396							
0							
1							
142	143	147	148	293	294	298	299
1999396							
0							
1							
143	144	148	149	294	295	299	300
1999396							
0							
1							
144	145	149	150	295	296	300	301
25806400							
0							
1							
146	147	1	2	297	298	152	153
1999396							
0							
1							
147	148	2	3	298	299	153	154
1999396							
0							
1							
148	149	3	4	299	300	154	155
1999396							
0							
1							
149	150	4	5	300	301	155	156
25806400							
0							
1							
152	153	157	158	303	304	308	309
1999396							
0							
1							
153	154	158	159	304	305	309	310
1999396							
0							
1							
154	155	159	160	305	306	310	311
25806400							
0							
1							
155	156	160	161	306	307	311	312
1999396							
0							
1							
157	158	162	163	308	309	313	314
1999396							
0							
1							
158	159	163	164	309	310	314	315
1999396							
0							
1							
159	160	164	165	310	311	315	316
25806400							
0							
1							
160	161	165	166	311	312	316	317
1999396							
0							
1							
162	163	167	168	313	314	318	319
1999396							
0							
1							
163	164	168	169	314	315	319	320
1999396							
0							
1							
164	165	169	170	315	316	320	321
25806400							
0							
1							
165	166	170	171	316	317	321	322
1999396							
0							
1							
167	168	172	173	318	319	323	324
1999396							
0							
1							
168	169	173	174	319	320	324	325
1999396							
0							
1							
169	170	174	175	320	321	325	326
25806400							
0							
1							
170	171	175	176	321	322	326	327
1999396							
0							
1							
172	173	177	178	323	324	328	329
1999396							
0							
1							
173	174	178	179	324	325	329	330
1999396							
0							
1							
174	175	179	180	325	326	330	331
25806400							
0							
1							
175	176	180	181	326	327	331	332
1999396							
0							
1							
177	178	182	183	328	329	333	334
1999396							
0							
1							
178	179	183	184	329	330	334	335
1999396							
0							
1							
179	180	184	185	330	331	335	336
25806400							
0							
1							
180	181	185	186	331	332	336	337
1999396							
0							
1							
182	183	187	188	333	334	338	339
1999396							
0							
1							
183	184	188	189	334	335	339	340
1999396							
0							
1							
184	185	189	190	335	336	340	341
25806400							
0							
1							
185	186	190	191	336	337	341	342
1999396							
0							
1							
187	188	192	193	338	339	343	344
1999396							
0							
1							
188	189	193	194	339	340	344	345
1999396							
0							
1							
189	190	194	195	340	341	345	346
25806400							
0							
1							
190	191	195	196	341	342	346	347
1999396							
0							
1							
192	193	197	198	343	344	348	349
1999396							
0							
1							
193	194	198	199	344	345	349	350
1999396							
0							
1							
194	195	199	200	345	346	350	351
25806400							
0							
1							
195	196	200	201	346	347	351	352
1999396							
0							
1							
197	198	202	203	348	349	353	354
1999396							
0							
1							
198	199	203	204	349	350	354	355
1999396							
0							
1							
199	200	204	205	350	351	355	356
25806400							
0							
1							
200	201	205	206	351	352	356	357
1999396							
0							
1							
202	203	207	208	353	354	358	359
1999396							
0							
1							
203	204	208	209	354	355	359	360
1999396							
0							
1							
204	205	209	210	355	356	360	361
25806400							
0							
1							
205	206	210	211	356	357	361	362
1999396							
0							
1							
207	208	212	213	358	359	363	364
1999396							
0							
1							
208	209	213	214	359	360	364	365
1999396							
0							
1							
209	210	214	215	360	361	365	366
25806400							
0							
1							
210	211	215	216	361	362	366	367
1999396							
0							
1							
212	213	217	218	363	364	368	369
1999396							
0							
1							
213	214	218	219	364	365	369	370
1999396							
0							
1							
214	215	219	220	365	366	370	371
25806400							
0							
1							
215	216	220	221	366	367	371	372
1999396							
0							
1							
217	218	222	223	368	369	373	374
1999396							
0							
1							
218	219	223	224	369	370	374	375
1999396							
0							
1							
219	220	224	225	370	371	375	376
25806400							
0							
1							
220	221	225	226	371	372	376	377
1999396							
0							
1							
222	223	227	228	373	374	378	379
1999396							
0							
1							
223	224	228	229	374	375	379	380
1999396							
0							
1							
224	225	229	230	375	376	380	381
25806400							
0							
1							
225	226	230	231	376	377	381	382
1999396							
0							
1							
227	228	232	233	378	379	383	384
1999396							
0							
1							
228	229	233	234	379	380	384	385
1999396							
0							
1							
229	230	234	235	380	381	385	386
25806400							
0							
1							
230	231	235	236	381	382	386	387
1999396							
0							
1							
232	233	237	238	383	384	388	389
1999396							
0							
1							
233	234	238	239	384	385	389	390
1999396							
0							
1							
234	235	239	240	385	386	390	391
25806400							
0							
1							
235	236	240	241	386	387	391	392
1999396							
0							
1							
237	238	242	243	388	389	393	394
1999396							
0							
1							
238	239	243	244	389	390	394	395
1999396							
0							
1							
239	240	244	245	390	391	395	396
25806400							
0							
1							
240	241	245	246	391	392	396	397
1999396							
0							
1							
242	243	247	248	393	394	398	399
1999396							
0							
1							
243	244	248	249	394	395	399	400
1999396							
0							
1							
244	245	249	250	395	396	400	401
25806400							
0							
1							
245	246	250	251	396	397	401	402
1999396							
0							
1							
247	248	252	253	398	399	403	404
1999396							
0							
1							
248	249	253	254	399	400	404	405
1999396							
0							
1							
249	250	254	255	400	401	405	406
25806400							
0							
1							
250	251	255	256	401	402	406	407
1999396							
0							
1							
252	253	257	258	403	404	408	409
1999396							
0							
1							
253	254	258	259	404	405	409	410
1999396							
0							
1							
254	255	259	260	405	406	410	411
25806400							
0							
1							
255	256	260	261	406	407	411	412
1999396							
0							
1							
257	258	262	263	408	409	413	414
1999396							
0							
1							
258	259	263	264	409	410	414	415
1999396							
0							
1							
259	260	264	265	410	411	415	416
25806400							
0							
1							
260	261	265	266	411	412	416	417
1999396							
0							
1							
262	263	267	268	413	414	418	419
1999396							
0							
1							
263	264	268	269	414	415	419	420
1999396							
0							
1							
264	265	269	270	415	416	420	421
25806400							
0							
1							
265	266	270	271	416	417	421	422
1999396							
0							
1							
267	268	272	273	418	419	423	424
1999396							
0							
1							
268	269	273	274	419	420	424	425
1999396							
0							
1							
269	270	274	275	420	421	425	426
25806400							
0							
1							
270	271	275	276	421	422	426	427
1999396							
0							
1							
272	273	277	278	423	424	428	429
1999396							
0							
1							
273	274	278	279	424	425	429	430
1999396							
0							
1							
274	275	279	280	425	426	430	431
25806400							
0							
1							
275	276	280	281	426	427	431	432
1999396							
0							
1							
277	278	282	283	428	429	433	434
1999396							
0							
1							
278	279	283	284	429	430	434	435
1999396							
0							
1							
279	280	284	285	430	431	435	436
25806400							
0							
1							
280	281	285	286	431	432	436	437
1999396							
0							
1							
282	283	287	288	433	434	438	439
1999396							
0							
1							
283	284	288	289	434	435	439	440
1999396							
0							
1							
284	285	289	290	435	436	440	441
25806400							
0							
1							
285	286	290	291	436	437	441	442
1999396							
0							
1							
287	288	292	293	438	439	443	444
1999396							
0							
1							
288	289	293	294	439	440	444	445
1999396							
0							
1							
289	290	294	295	440	441	445	446
25806400							
0							
1							
290	291	295	296	441	442	446	447
1999396							
0							
1							
292	293	297	298	443	444	448	449
1999396							
0							
1							
293	294	298	299	444	445	449	450
1999396							
0							
1							
294	295	299	300	445	446	450	451
25806400							
0							
1							
295	296	300	301	446	447	451	452
1999396							
0							
1							
297	298	152	153	448	449	303	304
1999396							
0							
1							
298	299	153	154	449	450	304	305
1999396							
0							
1							
299	300	154	155	450	451	305	306
25806400							
0							
1							
300	301	155	156	451	452	306	307
1999396							
0							
1							
303	304	308	309	454	455	459	460
1999396							
0							
1							
304	305	309	310	455	456	460	461
25806400							
0							
1							
305	306	310	311	456	457	461	462
1999396							
0							
1							
306	307	311	312	457	458	462	463
1999396							
0							
1							
308	309	313	314	459	460	464	465
1999396							
0							
1							
309	310	314	315	460	461	465	466
25806400							
0							
1							
310	311	315	316	461	462	466	467
1999396							
0							
1							
311	312	316	317	462	463	467	468
1999396							
0							
1							
313	314	318	319	464	465	469	470
1999396							
0							
1							
314	315	319	320	465	466	470	471
25806400							
0							
1							
315	316	320	321	466	467	471	472
1999396							
0							
1							
316	317	321	322	467	468	472	473
1999396							
0							
1							
318	319	323	324	469	470	474	475
1999396							
0							
1							
319	320	324	325	470	471	475	476
25806400							
0							
1							
320	321	325	326	471	472	476	477
1999396							
0							
1							
321	322	326	327	472	473	477	478
1999396							
0							
1							
323	324	328	329	474	475	479	480
1999396							
0							
1							
324	325	329	330	475	476	480	481
25806400							
0							
1							
325	326	330	331	476	477	481	482
1999396							
0							
1							
326	327	331	332	477	478	482	483
1999396							
0							
1							
328	329	333	334	479	480	484	485
1999396							
0							
1							
329	330	334	335	480	481	485	486
25806400							
0							
1							
330	331	335	336	481	482	486	487
1999396							
0							
1							
331	332	336	337	482	483	487	488
1999396							
0							
1							
333	334	338	339	484	485	489	490
1999396							
0							
1							
334	335	339	340	485	486	490	491
25806400							
0							
1							
335	336	340	341	486	487	491	492
1999396							
0							
1							
336	337	341	342	487	488	492	493
1999396							
0							
1							
338	339	343	344	489	490	494	495
1999396							
0							
1							
339	340	344	345	490	491	495	496
25806400							
0							
1							
340	341	345	346	491	492	496	497
1999396							
0							
1							
341	342	346	347	492	493	497	498
1999396							
0							
1							
343	344	348	349	494	495	499	500
1999396							
0							
1							
344	345	349	350	495	496	500	501
25806400							
0							
1							
345	346	350	351	496	497	501	502
1999396							
0							
1							
346	347	351	352	497	498	502	503
1999396							
0							
1							
348	349	353	354	499	500	504	505
1999396							
0							
1							
349	350	354	355	500	501	505	506
25806400							
0							
1							
350	351	355	356	501	502	506	507
1999396							
0							
1							
351	352	356	357	502	503	507	508
1999396							
0							
1							
353	354	358	359	504	505	509	510
1999396							
0							
1							
354	355	359	360	505	506	510	511
25806400							
0							
1							
355	356	360	361	506	507	511	512
1999396							
0							
1							
356	357	361	362	507	508	512	513
1999396							
0							
1							
358	359	363	364	509	510	514	515
1999396							
0							
1							
359	360	364	365	510	511	515	516
25806400							
0							
1							
360	361	365	366	511	512	516	517
1999396							
0							
1							
361	362	366	367	512	513	517	518
1999396							
0							
1							
363	364	368	369	514	515	519	520
1999396							
0							
1							
364	365	369	370	515	516	520	521
25806400							
0							
1							
365	366	370	371	516	517	521	522
1999396							
0							
1							
366	367	371	372	517	518	522	523
1999396							
0							
1							
368	369	373	374	519	520	524	525
1999396							
0							
1							
369	370	374	375	520	521	525	526
25806400							
0							
1							
370	371	375	376	521	522	526	527
1999396							
0							
1							
371	372	376	377	522	523	527	528
1999396							
0							
1							
373	374	378	379	524	525	529	530
1999396							
0							
1							
374	375	379	380	525	526	530	531
25806400							
0							
1							
375	376	380	381	526	527	531	532
1999396							
0							
1							
376	377	381	382	527	528	532	533
1999396							
0							
1							
378	379	383	384	529	530	534	535
1999396							
0							
1							
379	380	384	385	530	531	535	536
25806400							
0							
1							
380	381	385	386	531	532	536	537
1999396							
0							
1							
381	382	386	387	532	533	537	538
1999396							
0							
1							
383	384	388	389	534	535	539	540
1999396							
0							
1							
384	385	389	390	535	536	540	541
25806400							
0							
1							
385	386	390	391	536	537	541	542
1999396							
0							
1							
386	387	391	392	537	538	542	543
1999396							
0							
1							
388	389	393	394	539	540	544	545
1999396							
0							
1							
389	390	394	395	540	541	545	546
25806400							
0							
1							
390	391	395	396	541	542	546	547
1999396							
0							
1							
391	392	396	397	542	543	547	548
1999396							
0							
1							
393	394	398	399	544	545	549	550
1999396							
0							
1							
394	395	399	400	545	546	550	551
25806400							
0							
1							
395	396	400	401	546	547	551	552
1999396							
0							
1							
396	397	401	402	547	548	552	553
1999396							
0							
1							
398	399	403	404	549	550	554	555
1999396							
0							
1							
399	400	404	405	550	551	555	556
25806400							
0							
1							
400	401	405	406	551	552	556	557
1999396							
0							
1							
401	402	406	407	552	553	557	558
1999396							
0							
1							
403	404	408	409	554	555	559	560
1999396							
0							
1							
404	405	409	410	555	556	560	561
25806400							
0							
1							
405	406	410	411	556	557	561	562
1999396							
0							
1							
406	407	411	412	557	558	562	563
1999396							
0							
1							
408	409	413	414	559	560	564	565
1999396							
0							
1							
409	410	414	415	560	561	565	566
25806400							
0							
1							
410	411	415	416	561	562	566	567
1999396							
0							
1							
411	412	416	417	562	563	567	568
1999396							
0							
1							
413	414	418	419	564	565	569	570
1999396							
0							
1							
414	415	419	420	565	566	570	571
25806400							
0							
1							
415	416	420	421	566	567	571	572
1999396							
0							
1							
416	417	421	422	567	568	572	573
1999396							
0							
1							
418	419	423	424	569	570	574	575
1999396							
0							
1							
419	420	424	425	570	571	575	576
25806400							
0							
1							
420	421	425	426	571	572	576	577
1999396							
0							
1							
421	422	426	427	572	573	577	578
1999396							
0							
1							
423	424	428	429	574	575	579	580
1999396							
0							
1							
424	425	429	430	575	576	580	581
25806400							
0							
1							
425	426	430	431	576	577	581	582
1999396							
0							
1							
426	427	431	432	577	578	582	583
1999396							
0							
1							
428	429	433	434	579	580	584	585
1999396							
0							
1							
429	430	434	435	580	581	585	586
25806400							
0							
1							
430	431	435	436	581	582	586	587
1999396							
0							
1							
431	432	436	437	582	583	587	588
1999396							
0							
1							
433	434	438	439	584	585	589	590
1999396							
0							
1							
434	435	439	440	585	586	590	591
25806400							
0							
1							
435	436	440	441	586	587	591	592
1999396							
0							
1							
436	437	441	442	587	588	592	593
1999396							
0							
1							
438	439	443	444	589	590	594	595
1999396							
0							
1							
439	440	444	445	590	591	595	596
25806400							
0							
1							
440	441	445	446	591	592	596	597
1999396							
0							
1							
441	442	446	447	592	593	597	598
1999396							
0							
1							
443	444	448	449	594	595	599	600
1999396							
0							
1							
444	445	449	450	595	596	600	601
25806400							
0							
1							
445	446	450	451	596	597	601	602
1999396							
0							
1							
446	447	451	452	597	598	602	603
1999396							
0							
1							
448	449	303	304	599	600	454	455
1999396							
0							
1							
449	450	304	305	600	601	455	456
25806400							
0							
1							
450	451	305	306	601	602	456	457
1999396							
0							
1							
451	452	306	307	602	603	457	458
1999396							
0							
1							
454	455	459	460	605	606	610	611
25806400							
0							
1							
455	456	460	461	606	607	611	612
1999396							
0							
1							
456	457	461	462	607	608	612	613
1999396							
0							
1							
457	458	462	463	608	609	613	614
1999396							
0							
1							
459	460	464	465	610	611	615	616
25806400							
0							
1							
460	461	465	466	611	612	616	617
1999396							
0							
1							
461	462	466	467	612	613	617	618
1999396							
0							
1							
462	463	467	468	613	614	618	619
1999396							
0							
1							
464	465	469	470	615	616	620	621
25806400							
0							
1							
465	466	470	471	616	617	621	622
1999396							
0							
1							
466	467	471	472	617	618	622	623
1999396							
0							
1							
467	468	472	473	618	619	623	624
1999396							
0							
1							
469	470	474	475	620	621	625	626
25806400							
0							
1							
470	471	475	476	621	622	626	627
1999396							
0							
1							
471	472	476	477	622	623	627	628
1999396							
0							
1							
472	473	477	478	623	624	628	629
1999396							
0							
1							
474	475	479	480	625	626	630	631
25806400							
0							
1							
475	476	480	481	626	627	631	632
1999396							
0							
1							
476	477	481	482	627	628	632	633
1999396							
0							
1							
477	478	482	483	628	629	633	634
1999396							
0							
1							
479	480	484	485	630	631	635	636
25806400							
0							
1							
480	481	485	486	631	632	636	637
1999396							
0							
1							
481	482	486	487	632	633	637	638
1999396							
0							
1							
482	483	487	488	633	634	638	639
1999396							
0							
1							
484	485	489	490	635	636	640	641
25806400							
0							
1							
485	486	490	491	636	637	641	642
1999396							
0							
1							
486	487	491	492	637	638	642	643
1999396							
0							
1							
487	488	492	493	638	639	643	644
1999396							
0							
1							
489	490	494	495	640	641	645	646
25806400							
0							
1							
490	491	495	496	641	642	646	647
1999396							
0							
1							
491	492	496	497	642	643	647	648
1999396							
0							
1							
492	493	497	498	643	644	648	649
1999396							
0							
1							
494	495	499	500	645	646	650	651
25806400							
0							
1							
495	496	500	501	646	647	651	652
1999396							
0							
1							
496	497	501	502	647	648	652	653
1999396							
0							
1							
497	498	502	503	648	649	653	654
1999396							
0							
1							
499	500	504	505	650	651	655	656
25806400							
0							
1							
500	501	505	506	651	652	656	657
1999396							
0							
1							
501	502	506	507	652	653	657	658
1999396							
0							
1							
502	503	507	508	653	654	658	659
1999396							
0							
1							
504	505	509	510	655	656	660	661
25806400							
0							
1							
505	506	510	511	656	657	661	662
1999396							
0							
1							
506	507	511	512	657	658	662	663
1999396							
0							
1							
507	508	512	513	658	659	663	664
1999396							
0							
1							
509	510	514	515	660	661	665	666
25806400							
0							
1							
510	511	515	516	661	662	666	667
1999396							
0							
1							
511	512	516	517	662	663	667	668
1999396							
0							
1							
512	513	517	518	663	664	668	669
1999396							
0							
1							
514	515	519	520	665	666	670	671
25806400							
0							
1							
515	516	520	521	666	667	671	672
1999396							
0							
1							
516	517	521	522	667	668	672	673
1999396							
0							
1							
517	518	522	523	668	669	673	674
1999396							
0							
1							
519	520	524	525	670	671	675	676
25806400							
0							
1							
520	521	525	526	671	672	676	677
1999396							
0							
1							
521	522	526	527	672	673	677	678
1999396							
0							
1							
522	523	527	528	673	674	678	679
1999396							
0							
1							
524	525	529	530	675	676	680	681
25806400							
0							
1							
525	526	530	531	676	677	681	682
1999396							
0							
1							
526	527	531	532	677	678	682	683
1999396							
0							
1							
527	528	532	533	678	679	683	684
1999396							
0							
1							
529	530	534	535	680	681	685	686
25806400							
0							
1							
530	531	535	536	681	682	686	687
1999396							
0							
1							
531	532	536	537	682	683	687	688
1999396							
0							
1							
532	533	537	538	683	684	688	689
1999396							
0							
1							
534	535	539	540	685	686	690	691
25806400							
0							
1							
535	536	540	541	686	687	691	692
1999396							
0							
1							
536	537	541	542	687	688	692	693
1999396							
0							
1							
537	538	542	543	688	689	693	694
1999396							
0							
1							
539	540	544	545	690	691	695	696
25806400							
0							
1							
540	541	545	546	691	692	696	697
1999396							
0							
1							
541	542	546	547	692	693	697	698
1999396							
0							
1							
542	543	547	548	693	694	698	699
1999396							
0							
1							
544	545	549	550	695	696	700	701
25806400							
0							
1							
545	546	550	551	696	697	701	702
1999396							
0							
1							
546	547	551	552	697	698	702	703
1999396							
0							
1							
547	548	552	553	698	699	703	704
1999396							
0							
1							
549	550	554	555	700	701	705	706
25806400							
0							
1							
550	551	555	556	701	702	706	707
1999396							
0							
1							
551	552	556	557	702	703	707	708
1999396							
0							
1							
552	553	557	558	703	704	708	709
1999396							
0							
1							
554	555	559	560	705	706	710	711
25806400							
0							
1							
555	556	560	561	706	707	711	712
1999396							
0							
1							
556	557	561	562	707	708	712	713
1999396							
0							
1							
557	558	562	563	708	709	713	714
1999396							
0							
1							
559	560	564	565	710	711	715	716
25806400							
0							
1							
560	561	565	566	711	712	716	717
1999396							
0							
1							
561	562	566	567	712	713	717	718
1999396							
0							
1							
562	563	567	568	713	714	718	719
1999396							
0							
1							
564	565	569	570	715	716	720	721
25806400							
0							
1							
565	566	570	571	716	717	721	722
1999396							
0							
1							
566	567	571	572	717	718	722	723
1999396							
0							
1							
567	568	572	573	718	719	723	724
1999396							
0							
1							
569	570	574	575	720	721	725	726
25806400							
0							
1							
570	571	575	576	721	722	726	727
1999396							
0							
1							
571	572	576	577	722	723	727	728
1999396							
0							
1							
572	573	577	578	723	724	728	729
1999396							
0							
1							
574	575	579	580	725	726	730	731
25806400							
0							
1							
575	576	580	581	726	727	731	732
1999396							
0							
1							
576	577	581	582	727	728	732	733
1999396							
0							
1							
577	578	582	583	728	729	733	734
1999396							
0							
1							
579	580	584	585	730	731	735	736
25806400							
0							
1							
580	581	585	586	731	732	736	737
1999396							
0							
1							
581	582	586	587	732	733	737	738
1999396							
0							
1							
582	583	587	588	733	734	738	739
1999396							
0							
1							
584	585	589	590	735	736	740	741
25806400							
0							
1							
585	586	590	591	736	737	741	742
1999396							
0							
1							
586	587	591	592	737	738	742	743
1999396							
0							
1							
587	588	592	593	738	739	743	744
1999396							
0							
1							
589	590	594	595	740	741	745	746
25806400							
0							
1							
590	591	595	596	741	742	746	747
1999396							
0							
1							
591	592	596	597	742	743	747	748
1999396							
0							
1							
592	593	597	598	743	744	748	749
1999396							
0							
1							
594	595	599	600	745	746	750	751
25806400							
0							
1							
595	596	600	601	746	747	751	752
1999396							
0							
1							
596	597	601	602	747	748	752	753
1999396							
0							
1							
597	598	602	603	748	749	753	754
1999396							
0							
1							
599	600	454	455	750	751	605	606
25806400							
0							
1							
600	601	455	456	751	752	606	607
1999396							
0							
1							
601	602	456	457	752	753	607	608
1999396							
0							
1							
602	603	457	458	753	754	608	609
1999396							
0							
1							
							
							
							
							
							
							
							
							
							
