60
1	2	3	4	62	63	64	65	
1
1
1
3	4	5	6	64	65	66	67	
1
1
1
5	6	7	8	66	67	68	69	
1
1
1
7	8	9	10	68	69	70	71	
1
1
1
9	10	11	12	70	71	72	73	
1
1
1
11	12	13	14	72	73	74	75	
1
1
1
13	14	15	16	74	75	76	77	
1
1
1
15	16	17	18	76	77	78	79	
1
1
1
17	18	19	20	78	79	80	81	
1
1
1
19	20	21	22	80	81	82	83	
1
1
1
21	22	23	24	82	83	84	85	
1
1
1
23	24	25	26	84	85	86	87	
1
1
1
25	26	27	28	86	87	88	89	
1
1
1
27	28	29	30	88	89	90	91	
1
1
1
29	30	31	32	90	91	92	93	
1
1
1
31	32	33	34	92	93	94	95	
1
1
1
33	34	35	36	94	95	96	97	
1
1
1
35	36	37	38	96	97	98	99	
1
1
1
37	38	39	40	98	99	100	101	
1
1
1
39	40	41	42	100	101	102	103	
1
1
1
41	42	43	44	102	103	104	105	
1
1
1
43	44	45	46	104	105	106	107	
1
1
1
45	46	47	48	106	107	108	109	
1
1
1
47	48	49	50	108	109	110	111	
1
1
1
49	50	51	52	110	111	112	113	
1
1
1
51	52	53	54	112	113	114	115	
1
1
1
53	54	55	56	114	115	116	117	
1
1
1
55	56	57	58	116	117	118	119	
1
1
1
57	58	59	60	118	119	120	121	
1
1
1
59	60	1	2	120	121	62	63	
1
1
1
62	63	64	65	123	124	125	126	
1
1
1
64	65	66	67	125	126	127	128	
1
1
1
66	67	68	69	127	128	129	130	
1
1
1
68	69	70	71	129	130	131	132	
1
1
1
70	71	72	73	131	132	133	134	
1
1
1
72	73	74	75	133	134	135	136	
1
1
1
74	75	76	77	135	136	137	138	
1
1
1
76	77	78	79	137	138	139	140	
1
1
1
78	79	80	81	139	140	141	142	
1
1
1
80	81	82	83	141	142	143	144	
1
1
1
82	83	84	85	143	144	145	146	
1
1
1
84	85	86	87	145	146	147	148	
1
1
1
86	87	88	89	147	148	149	150	
1
1
1
88	89	90	91	149	150	151	152	
1
1
1
90	91	92	93	151	152	153	154	
1
1
1
92	93	94	95	153	154	155	156	
1
1
1
94	95	96	97	155	156	157	158	
1
1
1
96	97	98	99	157	158	159	160	
1
1
1
98	99	100	101	159	160	161	162	
1
1
1
100	101	102	103	161	162	163	164	
1
1
1
102	103	104	105	163	164	165	166	
1
1
1
104	105	106	107	165	166	167	168	
1
1
1
106	107	108	109	167	168	169	170	
1
1
1
108	109	110	111	169	170	171	172	
1
1
1
110	111	112	113	171	172	173	174	
1
1
1
112	113	114	115	173	174	175	176	
1
1
1
114	115	116	117	175	176	177	178	
1
1
1
116	117	118	119	177	178	179	180	
1
1
1
118	119	120	121	179	180	181	182	
1
1
1
120	121	62	63	181	182	123	124	
1
1
1
