24
1	2	5	6	18	19	22	23	
1
1
1
2	3	6	7	19	20	23	24	
1
1
1
3	4	7	8	20	21	24	25	
1
1
1
5	6	9	10	22	23	26	27	
1
1
1
6	7	10	11	23	24	27	28	
1
1
1
7	8	11	12	24	25	28	29	
1
1
1
9	10	13	14	26	27	30	31	
1
1
1
10	11	14	15	27	28	31	32	
1
1
1
11	12	15	16	28	29	32	33	
1
1
1
13	14	1	2	30	31	18	19	
1
1
1
14	15	2	3	31	32	19	20	
1
1
1
15	16	3	4	32	33	20	21	
1
1
1
18	19	22	23	35	36	39	40	
1
1
1
19	20	23	24	36	37	40	41	
1
1
1
20	21	24	25	37	38	41	42	
1
1
1
22	23	26	27	39	40	43	44	
1
1
1
23	24	27	28	40	41	44	45	
1
1
1
24	25	28	29	41	42	45	46	
1
1
1
26	27	30	31	43	44	47	48	
1
1
1
27	28	31	32	44	45	48	49	
1
1
1
28	29	32	33	45	46	49	50	
1
1
1
30	31	18	19	47	48	35	36	
1
1
1
31	32	19	20	48	49	36	37	
1
1
1
32	33	20	21	49	50	37	38	
1
1
1
