60
0	1	3	61	62	64	
1
1
1
0	3	5	61	64	66	
1
1
1
0	5	7	61	66	68	
1
1
1
0	7	9	61	68	70	
1
1
1
0	9	11	61	70	72	
1
1
1
0	11	13	61	72	74	
1
1
1
0	13	15	61	74	76	
1
1
1
0	15	17	61	76	78	
1
1
1
0	17	19	61	78	80	
1
1
1
0	19	21	61	80	82	
1
1
1
0	21	23	61	82	84	
1
1
1
0	23	25	61	84	86	
1
1
1
0	25	27	61	86	88	
1
1
1
0	27	29	61	88	90	
1
1
1
0	29	31	61	90	92	
1
1
1
0	31	33	61	92	94	
1
1
1
0	33	35	61	94	96	
1
1
1
0	35	37	61	96	98	
1
1
1
0	37	39	61	98	100	
1
1
1
0	39	41	61	100	102	
1
1
1
0	41	43	61	102	104	
1
1
1
0	43	45	61	104	106	
1
1
1
0	45	47	61	106	108	
1
1
1
0	47	49	61	108	110	
1
1
1
0	49	51	61	110	112	
1
1
1
0	51	53	61	112	114	
1
1
1
0	53	55	61	114	116	
1
1
1
0	55	57	61	116	118	
1
1
1
0	57	59	61	118	120	
1
1
1
0	59	1	61	120	62	
1
1
1
61	62	64	122	123	125	
1
1
1
61	64	66	122	125	127	
1
1
1
61	66	68	122	127	129	
1
1
1
61	68	70	122	129	131	
1
1
1
61	70	72	122	131	133	
1
1
1
61	72	74	122	133	135	
1
1
1
61	74	76	122	135	137	
1
1
1
61	76	78	122	137	139	
1
1
1
61	78	80	122	139	141	
1
1
1
61	80	82	122	141	143	
1
1
1
61	82	84	122	143	145	
1
1
1
61	84	86	122	145	147	
1
1
1
61	86	88	122	147	149	
1
1
1
61	88	90	122	149	151	
1
1
1
61	90	92	122	151	153	
1
1
1
61	92	94	122	153	155	
1
1
1
61	94	96	122	155	157	
1
1
1
61	96	98	122	157	159	
1
1
1
61	98	100	122	159	161	
1
1
1
61	100	102	122	161	163	
1
1
1
61	102	104	122	163	165	
1
1
1
61	104	106	122	165	167	
1
1
1
61	106	108	122	167	169	
1
1
1
61	108	110	122	169	171	
1
1
1
61	110	112	122	171	173	
1
1
1
61	112	114	122	173	175	
1
1
1
61	114	116	122	175	177	
1
1
1
61	116	118	122	177	179	
1
1
1
61	118	120	122	179	181	
1
1
1
61	120	62	122	181	123	
1
1
1
