18
1	5	2	6	14	18	15	19	
1
1
1
2	6	3	7	15	19	16	20	
1
1
1
3	7	4	8	16	20	17	21	
1
1
1
5	9	6	10	18	22	19	23	
1
1
1
6	10	7	11	19	23	20	24	
1
1
1
7	11	8	12	20	24	21	25	
1
1
1
9	1	10	2	22	14	23	15	
1
1
1
10	2	11	3	23	15	24	16	
1
1
1
11	3	12	4	24	16	25	17	
1
1
1
14	18	15	19	27	31	28	32	
1
1
1
15	19	16	20	28	32	29	33	
1
1
1
16	20	17	21	29	33	30	34	
1
1
1
18	22	19	23	31	35	32	36	
1
1
1
19	23	20	24	32	36	33	37	
1
1
1
20	24	21	25	33	37	34	38	
1
1
1
22	14	23	15	35	27	36	28	
1
1
1
23	15	24	16	36	28	37	29	
1
1
1
24	16	25	17	37	29	38	30	
1
1
1
