24
1	6	2	7	17	22	18	23	
1
1
1
2	7	3	8	18	23	19	24	
1
1
1
3	8	4	9	19	24	20	25	
1
1
1
4	9	5	10	20	25	21	26	
1
1
1
6	11	7	12	22	27	23	28	
1
1
1
7	12	8	13	23	28	24	29	
1
1
1
8	13	9	14	24	29	25	30	
1
1
1
9	14	10	15	25	30	26	31	
1
1
1
11	1	12	2	27	17	28	18	
1
1
1
12	2	13	3	28	18	29	19	
1
1
1
13	3	14	4	29	19	30	20	
1
1
1
14	4	15	5	30	20	31	21	
1
1
1
17	22	18	23	33	38	34	39	
1
1
1
18	23	19	24	34	39	35	40	
1
1
1
19	24	20	25	35	40	36	41	
1
1
1
20	25	21	26	36	41	37	42	
1
1
1
22	27	23	28	38	43	39	44	
1
1
1
23	28	24	29	39	44	40	45	
1
1
1
24	29	25	30	40	45	41	46	
1
1
1
25	30	26	31	41	46	42	47	
1
1
1
27	17	28	18	43	33	44	34	
1
1
1
28	18	29	19	44	34	45	35	
1
1
1
29	19	30	20	45	35	46	36	
1
1
1
30	20	31	21	46	36	47	37	
1
1
1
