1080
1	2	11	12	302	303	312	313	
1
1
1
2	3	12	13	303	304	313	314	
1
1
1
3	4	13	14	304	305	314	315	
1
1
1
4	5	14	15	305	306	315	316	
1
1
1
5	6	15	16	306	307	316	317	
1
1
1
6	7	16	17	307	308	317	318	
1
1
1
7	8	17	18	308	309	318	319	
1
1
1
8	9	18	19	309	310	319	320	
1
1
1
9	10	19	20	310	311	320	321	
1
1
1
11	12	21	22	312	313	322	323	
1
1
1
12	13	22	23	313	314	323	324	
1
1
1
13	14	23	24	314	315	324	325	
1
1
1
14	15	24	25	315	316	325	326	
1
1
1
15	16	25	26	316	317	326	327	
1
1
1
16	17	26	27	317	318	327	328	
1
1
1
17	18	27	28	318	319	328	329	
1
1
1
18	19	28	29	319	320	329	330	
1
1
1
19	20	29	30	320	321	330	331	
1
1
1
21	22	31	32	322	323	332	333	
1
1
1
22	23	32	33	323	324	333	334	
1
1
1
23	24	33	34	324	325	334	335	
1
1
1
24	25	34	35	325	326	335	336	
1
1
1
25	26	35	36	326	327	336	337	
1
1
1
26	27	36	37	327	328	337	338	
1
1
1
27	28	37	38	328	329	338	339	
1
1
1
28	29	38	39	329	330	339	340	
1
1
1
29	30	39	40	330	331	340	341	
1
1
1
31	32	41	42	332	333	342	343	
1
1
1
32	33	42	43	333	334	343	344	
1
1
1
33	34	43	44	334	335	344	345	
1
1
1
34	35	44	45	335	336	345	346	
1
1
1
35	36	45	46	336	337	346	347	
1
1
1
36	37	46	47	337	338	347	348	
1
1
1
37	38	47	48	338	339	348	349	
1
1
1
38	39	48	49	339	340	349	350	
1
1
1
39	40	49	50	340	341	350	351	
1
1
1
41	42	51	52	342	343	352	353	
1
1
1
42	43	52	53	343	344	353	354	
1
1
1
43	44	53	54	344	345	354	355	
1
1
1
44	45	54	55	345	346	355	356	
1
1
1
45	46	55	56	346	347	356	357	
1
1
1
46	47	56	57	347	348	357	358	
1
1
1
47	48	57	58	348	349	358	359	
1
1
1
48	49	58	59	349	350	359	360	
1
1
1
49	50	59	60	350	351	360	361	
1
1
1
51	52	61	62	352	353	362	363	
1
1
1
52	53	62	63	353	354	363	364	
1
1
1
53	54	63	64	354	355	364	365	
1
1
1
54	55	64	65	355	356	365	366	
1
1
1
55	56	65	66	356	357	366	367	
1
1
1
56	57	66	67	357	358	367	368	
1
1
1
57	58	67	68	358	359	368	369	
1
1
1
58	59	68	69	359	360	369	370	
1
1
1
59	60	69	70	360	361	370	371	
1
1
1
61	62	71	72	362	363	372	373	
1
1
1
62	63	72	73	363	364	373	374	
1
1
1
63	64	73	74	364	365	374	375	
1
1
1
64	65	74	75	365	366	375	376	
1
1
1
65	66	75	76	366	367	376	377	
1
1
1
66	67	76	77	367	368	377	378	
1
1
1
67	68	77	78	368	369	378	379	
1
1
1
68	69	78	79	369	370	379	380	
1
1
1
69	70	79	80	370	371	380	381	
1
1
1
71	72	81	82	372	373	382	383	
1
1
1
72	73	82	83	373	374	383	384	
1
1
1
73	74	83	84	374	375	384	385	
1
1
1
74	75	84	85	375	376	385	386	
1
1
1
75	76	85	86	376	377	386	387	
1
1
1
76	77	86	87	377	378	387	388	
1
1
1
77	78	87	88	378	379	388	389	
1
1
1
78	79	88	89	379	380	389	390	
1
1
1
79	80	89	90	380	381	390	391	
1
1
1
81	82	91	92	382	383	392	393	
1
1
1
82	83	92	93	383	384	393	394	
1
1
1
83	84	93	94	384	385	394	395	
1
1
1
84	85	94	95	385	386	395	396	
1
1
1
85	86	95	96	386	387	396	397	
1
1
1
86	87	96	97	387	388	397	398	
1
1
1
87	88	97	98	388	389	398	399	
1
1
1
88	89	98	99	389	390	399	400	
1
1
1
89	90	99	100	390	391	400	401	
1
1
1
91	92	101	102	392	393	402	403	
1
1
1
92	93	102	103	393	394	403	404	
1
1
1
93	94	103	104	394	395	404	405	
1
1
1
94	95	104	105	395	396	405	406	
1
1
1
95	96	105	106	396	397	406	407	
1
1
1
96	97	106	107	397	398	407	408	
1
1
1
97	98	107	108	398	399	408	409	
1
1
1
98	99	108	109	399	400	409	410	
1
1
1
99	100	109	110	400	401	410	411	
1
1
1
101	102	111	112	402	403	412	413	
1
1
1
102	103	112	113	403	404	413	414	
1
1
1
103	104	113	114	404	405	414	415	
1
1
1
104	105	114	115	405	406	415	416	
1
1
1
105	106	115	116	406	407	416	417	
1
1
1
106	107	116	117	407	408	417	418	
1
1
1
107	108	117	118	408	409	418	419	
1
1
1
108	109	118	119	409	410	419	420	
1
1
1
109	110	119	120	410	411	420	421	
1
1
1
111	112	121	122	412	413	422	423	
1
1
1
112	113	122	123	413	414	423	424	
1
1
1
113	114	123	124	414	415	424	425	
1
1
1
114	115	124	125	415	416	425	426	
1
1
1
115	116	125	126	416	417	426	427	
1
1
1
116	117	126	127	417	418	427	428	
1
1
1
117	118	127	128	418	419	428	429	
1
1
1
118	119	128	129	419	420	429	430	
1
1
1
119	120	129	130	420	421	430	431	
1
1
1
121	122	131	132	422	423	432	433	
1
1
1
122	123	132	133	423	424	433	434	
1
1
1
123	124	133	134	424	425	434	435	
1
1
1
124	125	134	135	425	426	435	436	
1
1
1
125	126	135	136	426	427	436	437	
1
1
1
126	127	136	137	427	428	437	438	
1
1
1
127	128	137	138	428	429	438	439	
1
1
1
128	129	138	139	429	430	439	440	
1
1
1
129	130	139	140	430	431	440	441	
1
1
1
131	132	141	142	432	433	442	443	
1
1
1
132	133	142	143	433	434	443	444	
1
1
1
133	134	143	144	434	435	444	445	
1
1
1
134	135	144	145	435	436	445	446	
1
1
1
135	136	145	146	436	437	446	447	
1
1
1
136	137	146	147	437	438	447	448	
1
1
1
137	138	147	148	438	439	448	449	
1
1
1
138	139	148	149	439	440	449	450	
1
1
1
139	140	149	150	440	441	450	451	
1
1
1
141	142	151	152	442	443	452	453	
1
1
1
142	143	152	153	443	444	453	454	
1
1
1
143	144	153	154	444	445	454	455	
1
1
1
144	145	154	155	445	446	455	456	
1
1
1
145	146	155	156	446	447	456	457	
1
1
1
146	147	156	157	447	448	457	458	
1
1
1
147	148	157	158	448	449	458	459	
1
1
1
148	149	158	159	449	450	459	460	
1
1
1
149	150	159	160	450	451	460	461	
1
1
1
151	152	161	162	452	453	462	463	
1
1
1
152	153	162	163	453	454	463	464	
1
1
1
153	154	163	164	454	455	464	465	
1
1
1
154	155	164	165	455	456	465	466	
1
1
1
155	156	165	166	456	457	466	467	
1
1
1
156	157	166	167	457	458	467	468	
1
1
1
157	158	167	168	458	459	468	469	
1
1
1
158	159	168	169	459	460	469	470	
1
1
1
159	160	169	170	460	461	470	471	
1
1
1
161	162	171	172	462	463	472	473	
1
1
1
162	163	172	173	463	464	473	474	
1
1
1
163	164	173	174	464	465	474	475	
1
1
1
164	165	174	175	465	466	475	476	
1
1
1
165	166	175	176	466	467	476	477	
1
1
1
166	167	176	177	467	468	477	478	
1
1
1
167	168	177	178	468	469	478	479	
1
1
1
168	169	178	179	469	470	479	480	
1
1
1
169	170	179	180	470	471	480	481	
1
1
1
171	172	181	182	472	473	482	483	
1
1
1
172	173	182	183	473	474	483	484	
1
1
1
173	174	183	184	474	475	484	485	
1
1
1
174	175	184	185	475	476	485	486	
1
1
1
175	176	185	186	476	477	486	487	
1
1
1
176	177	186	187	477	478	487	488	
1
1
1
177	178	187	188	478	479	488	489	
1
1
1
178	179	188	189	479	480	489	490	
1
1
1
179	180	189	190	480	481	490	491	
1
1
1
181	182	191	192	482	483	492	493	
1
1
1
182	183	192	193	483	484	493	494	
1
1
1
183	184	193	194	484	485	494	495	
1
1
1
184	185	194	195	485	486	495	496	
1
1
1
185	186	195	196	486	487	496	497	
1
1
1
186	187	196	197	487	488	497	498	
1
1
1
187	188	197	198	488	489	498	499	
1
1
1
188	189	198	199	489	490	499	500	
1
1
1
189	190	199	200	490	491	500	501	
1
1
1
191	192	201	202	492	493	502	503	
1
1
1
192	193	202	203	493	494	503	504	
1
1
1
193	194	203	204	494	495	504	505	
1
1
1
194	195	204	205	495	496	505	506	
1
1
1
195	196	205	206	496	497	506	507	
1
1
1
196	197	206	207	497	498	507	508	
1
1
1
197	198	207	208	498	499	508	509	
1
1
1
198	199	208	209	499	500	509	510	
1
1
1
199	200	209	210	500	501	510	511	
1
1
1
201	202	211	212	502	503	512	513	
1
1
1
202	203	212	213	503	504	513	514	
1
1
1
203	204	213	214	504	505	514	515	
1
1
1
204	205	214	215	505	506	515	516	
1
1
1
205	206	215	216	506	507	516	517	
1
1
1
206	207	216	217	507	508	517	518	
1
1
1
207	208	217	218	508	509	518	519	
1
1
1
208	209	218	219	509	510	519	520	
1
1
1
209	210	219	220	510	511	520	521	
1
1
1
211	212	221	222	512	513	522	523	
1
1
1
212	213	222	223	513	514	523	524	
1
1
1
213	214	223	224	514	515	524	525	
1
1
1
214	215	224	225	515	516	525	526	
1
1
1
215	216	225	226	516	517	526	527	
1
1
1
216	217	226	227	517	518	527	528	
1
1
1
217	218	227	228	518	519	528	529	
1
1
1
218	219	228	229	519	520	529	530	
1
1
1
219	220	229	230	520	521	530	531	
1
1
1
221	222	231	232	522	523	532	533	
1
1
1
222	223	232	233	523	524	533	534	
1
1
1
223	224	233	234	524	525	534	535	
1
1
1
224	225	234	235	525	526	535	536	
1
1
1
225	226	235	236	526	527	536	537	
1
1
1
226	227	236	237	527	528	537	538	
1
1
1
227	228	237	238	528	529	538	539	
1
1
1
228	229	238	239	529	530	539	540	
1
1
1
229	230	239	240	530	531	540	541	
1
1
1
231	232	241	242	532	533	542	543	
1
1
1
232	233	242	243	533	534	543	544	
1
1
1
233	234	243	244	534	535	544	545	
1
1
1
234	235	244	245	535	536	545	546	
1
1
1
235	236	245	246	536	537	546	547	
1
1
1
236	237	246	247	537	538	547	548	
1
1
1
237	238	247	248	538	539	548	549	
1
1
1
238	239	248	249	539	540	549	550	
1
1
1
239	240	249	250	540	541	550	551	
1
1
1
241	242	251	252	542	543	552	553	
1
1
1
242	243	252	253	543	544	553	554	
1
1
1
243	244	253	254	544	545	554	555	
1
1
1
244	245	254	255	545	546	555	556	
1
1
1
245	246	255	256	546	547	556	557	
1
1
1
246	247	256	257	547	548	557	558	
1
1
1
247	248	257	258	548	549	558	559	
1
1
1
248	249	258	259	549	550	559	560	
1
1
1
249	250	259	260	550	551	560	561	
1
1
1
251	252	261	262	552	553	562	563	
1
1
1
252	253	262	263	553	554	563	564	
1
1
1
253	254	263	264	554	555	564	565	
1
1
1
254	255	264	265	555	556	565	566	
1
1
1
255	256	265	266	556	557	566	567	
1
1
1
256	257	266	267	557	558	567	568	
1
1
1
257	258	267	268	558	559	568	569	
1
1
1
258	259	268	269	559	560	569	570	
1
1
1
259	260	269	270	560	561	570	571	
1
1
1
261	262	271	272	562	563	572	573	
1
1
1
262	263	272	273	563	564	573	574	
1
1
1
263	264	273	274	564	565	574	575	
1
1
1
264	265	274	275	565	566	575	576	
1
1
1
265	266	275	276	566	567	576	577	
1
1
1
266	267	276	277	567	568	577	578	
1
1
1
267	268	277	278	568	569	578	579	
1
1
1
268	269	278	279	569	570	579	580	
1
1
1
269	270	279	280	570	571	580	581	
1
1
1
271	272	281	282	572	573	582	583	
1
1
1
272	273	282	283	573	574	583	584	
1
1
1
273	274	283	284	574	575	584	585	
1
1
1
274	275	284	285	575	576	585	586	
1
1
1
275	276	285	286	576	577	586	587	
1
1
1
276	277	286	287	577	578	587	588	
1
1
1
277	278	287	288	578	579	588	589	
1
1
1
278	279	288	289	579	580	589	590	
1
1
1
279	280	289	290	580	581	590	591	
1
1
1
281	282	291	292	582	583	592	593	
1
1
1
282	283	292	293	583	584	593	594	
1
1
1
283	284	293	294	584	585	594	595	
1
1
1
284	285	294	295	585	586	595	596	
1
1
1
285	286	295	296	586	587	596	597	
1
1
1
286	287	296	297	587	588	597	598	
1
1
1
287	288	297	298	588	589	598	599	
1
1
1
288	289	298	299	589	590	599	600	
1
1
1
289	290	299	300	590	591	600	601	
1
1
1
291	292	1	2	592	593	302	303	
1
1
1
292	293	2	3	593	594	303	304	
1
1
1
293	294	3	4	594	595	304	305	
1
1
1
294	295	4	5	595	596	305	306	
1
1
1
295	296	5	6	596	597	306	307	
1
1
1
296	297	6	7	597	598	307	308	
1
1
1
297	298	7	8	598	599	308	309	
1
1
1
298	299	8	9	599	600	309	310	
1
1
1
299	300	9	10	600	601	310	311	
1
1
1
302	303	312	313	603	604	613	614	
1
1
1
303	304	313	314	604	605	614	615	
1
1
1
304	305	314	315	605	606	615	616	
1
1
1
305	306	315	316	606	607	616	617	
1
1
1
306	307	316	317	607	608	617	618	
1
1
1
307	308	317	318	608	609	618	619	
1
1
1
308	309	318	319	609	610	619	620	
1
1
1
309	310	319	320	610	611	620	621	
1
1
1
310	311	320	321	611	612	621	622	
1
1
1
312	313	322	323	613	614	623	624	
1
1
1
313	314	323	324	614	615	624	625	
1
1
1
314	315	324	325	615	616	625	626	
1
1
1
315	316	325	326	616	617	626	627	
1
1
1
316	317	326	327	617	618	627	628	
1
1
1
317	318	327	328	618	619	628	629	
1
1
1
318	319	328	329	619	620	629	630	
1
1
1
319	320	329	330	620	621	630	631	
1
1
1
320	321	330	331	621	622	631	632	
1
1
1
322	323	332	333	623	624	633	634	
1
1
1
323	324	333	334	624	625	634	635	
1
1
1
324	325	334	335	625	626	635	636	
1
1
1
325	326	335	336	626	627	636	637	
1
1
1
326	327	336	337	627	628	637	638	
1
1
1
327	328	337	338	628	629	638	639	
1
1
1
328	329	338	339	629	630	639	640	
1
1
1
329	330	339	340	630	631	640	641	
1
1
1
330	331	340	341	631	632	641	642	
1
1
1
332	333	342	343	633	634	643	644	
1
1
1
333	334	343	344	634	635	644	645	
1
1
1
334	335	344	345	635	636	645	646	
1
1
1
335	336	345	346	636	637	646	647	
1
1
1
336	337	346	347	637	638	647	648	
1
1
1
337	338	347	348	638	639	648	649	
1
1
1
338	339	348	349	639	640	649	650	
1
1
1
339	340	349	350	640	641	650	651	
1
1
1
340	341	350	351	641	642	651	652	
1
1
1
342	343	352	353	643	644	653	654	
1
1
1
343	344	353	354	644	645	654	655	
1
1
1
344	345	354	355	645	646	655	656	
1
1
1
345	346	355	356	646	647	656	657	
1
1
1
346	347	356	357	647	648	657	658	
1
1
1
347	348	357	358	648	649	658	659	
1
1
1
348	349	358	359	649	650	659	660	
1
1
1
349	350	359	360	650	651	660	661	
1
1
1
350	351	360	361	651	652	661	662	
1
1
1
352	353	362	363	653	654	663	664	
1
1
1
353	354	363	364	654	655	664	665	
1
1
1
354	355	364	365	655	656	665	666	
1
1
1
355	356	365	366	656	657	666	667	
1
1
1
356	357	366	367	657	658	667	668	
1
1
1
357	358	367	368	658	659	668	669	
1
1
1
358	359	368	369	659	660	669	670	
1
1
1
359	360	369	370	660	661	670	671	
1
1
1
360	361	370	371	661	662	671	672	
1
1
1
362	363	372	373	663	664	673	674	
1
1
1
363	364	373	374	664	665	674	675	
1
1
1
364	365	374	375	665	666	675	676	
1
1
1
365	366	375	376	666	667	676	677	
1
1
1
366	367	376	377	667	668	677	678	
1
1
1
367	368	377	378	668	669	678	679	
1
1
1
368	369	378	379	669	670	679	680	
1
1
1
369	370	379	380	670	671	680	681	
1
1
1
370	371	380	381	671	672	681	682	
1
1
1
372	373	382	383	673	674	683	684	
1
1
1
373	374	383	384	674	675	684	685	
1
1
1
374	375	384	385	675	676	685	686	
1
1
1
375	376	385	386	676	677	686	687	
1
1
1
376	377	386	387	677	678	687	688	
1
1
1
377	378	387	388	678	679	688	689	
1
1
1
378	379	388	389	679	680	689	690	
1
1
1
379	380	389	390	680	681	690	691	
1
1
1
380	381	390	391	681	682	691	692	
1
1
1
382	383	392	393	683	684	693	694	
1
1
1
383	384	393	394	684	685	694	695	
1
1
1
384	385	394	395	685	686	695	696	
1
1
1
385	386	395	396	686	687	696	697	
1
1
1
386	387	396	397	687	688	697	698	
1
1
1
387	388	397	398	688	689	698	699	
1
1
1
388	389	398	399	689	690	699	700	
1
1
1
389	390	399	400	690	691	700	701	
1
1
1
390	391	400	401	691	692	701	702	
1
1
1
392	393	402	403	693	694	703	704	
1
1
1
393	394	403	404	694	695	704	705	
1
1
1
394	395	404	405	695	696	705	706	
1
1
1
395	396	405	406	696	697	706	707	
1
1
1
396	397	406	407	697	698	707	708	
1
1
1
397	398	407	408	698	699	708	709	
1
1
1
398	399	408	409	699	700	709	710	
1
1
1
399	400	409	410	700	701	710	711	
1
1
1
400	401	410	411	701	702	711	712	
1
1
1
402	403	412	413	703	704	713	714	
1
1
1
403	404	413	414	704	705	714	715	
1
1
1
404	405	414	415	705	706	715	716	
1
1
1
405	406	415	416	706	707	716	717	
1
1
1
406	407	416	417	707	708	717	718	
1
1
1
407	408	417	418	708	709	718	719	
1
1
1
408	409	418	419	709	710	719	720	
1
1
1
409	410	419	420	710	711	720	721	
1
1
1
410	411	420	421	711	712	721	722	
1
1
1
412	413	422	423	713	714	723	724	
1
1
1
413	414	423	424	714	715	724	725	
1
1
1
414	415	424	425	715	716	725	726	
1
1
1
415	416	425	426	716	717	726	727	
1
1
1
416	417	426	427	717	718	727	728	
1
1
1
417	418	427	428	718	719	728	729	
1
1
1
418	419	428	429	719	720	729	730	
1
1
1
419	420	429	430	720	721	730	731	
1
1
1
420	421	430	431	721	722	731	732	
1
1
1
422	423	432	433	723	724	733	734	
1
1
1
423	424	433	434	724	725	734	735	
1
1
1
424	425	434	435	725	726	735	736	
1
1
1
425	426	435	436	726	727	736	737	
1
1
1
426	427	436	437	727	728	737	738	
1
1
1
427	428	437	438	728	729	738	739	
1
1
1
428	429	438	439	729	730	739	740	
1
1
1
429	430	439	440	730	731	740	741	
1
1
1
430	431	440	441	731	732	741	742	
1
1
1
432	433	442	443	733	734	743	744	
1
1
1
433	434	443	444	734	735	744	745	
1
1
1
434	435	444	445	735	736	745	746	
1
1
1
435	436	445	446	736	737	746	747	
1
1
1
436	437	446	447	737	738	747	748	
1
1
1
437	438	447	448	738	739	748	749	
1
1
1
438	439	448	449	739	740	749	750	
1
1
1
439	440	449	450	740	741	750	751	
1
1
1
440	441	450	451	741	742	751	752	
1
1
1
442	443	452	453	743	744	753	754	
1
1
1
443	444	453	454	744	745	754	755	
1
1
1
444	445	454	455	745	746	755	756	
1
1
1
445	446	455	456	746	747	756	757	
1
1
1
446	447	456	457	747	748	757	758	
1
1
1
447	448	457	458	748	749	758	759	
1
1
1
448	449	458	459	749	750	759	760	
1
1
1
449	450	459	460	750	751	760	761	
1
1
1
450	451	460	461	751	752	761	762	
1
1
1
452	453	462	463	753	754	763	764	
1
1
1
453	454	463	464	754	755	764	765	
1
1
1
454	455	464	465	755	756	765	766	
1
1
1
455	456	465	466	756	757	766	767	
1
1
1
456	457	466	467	757	758	767	768	
1
1
1
457	458	467	468	758	759	768	769	
1
1
1
458	459	468	469	759	760	769	770	
1
1
1
459	460	469	470	760	761	770	771	
1
1
1
460	461	470	471	761	762	771	772	
1
1
1
462	463	472	473	763	764	773	774	
1
1
1
463	464	473	474	764	765	774	775	
1
1
1
464	465	474	475	765	766	775	776	
1
1
1
465	466	475	476	766	767	776	777	
1
1
1
466	467	476	477	767	768	777	778	
1
1
1
467	468	477	478	768	769	778	779	
1
1
1
468	469	478	479	769	770	779	780	
1
1
1
469	470	479	480	770	771	780	781	
1
1
1
470	471	480	481	771	772	781	782	
1
1
1
472	473	482	483	773	774	783	784	
1
1
1
473	474	483	484	774	775	784	785	
1
1
1
474	475	484	485	775	776	785	786	
1
1
1
475	476	485	486	776	777	786	787	
1
1
1
476	477	486	487	777	778	787	788	
1
1
1
477	478	487	488	778	779	788	789	
1
1
1
478	479	488	489	779	780	789	790	
1
1
1
479	480	489	490	780	781	790	791	
1
1
1
480	481	490	491	781	782	791	792	
1
1
1
482	483	492	493	783	784	793	794	
1
1
1
483	484	493	494	784	785	794	795	
1
1
1
484	485	494	495	785	786	795	796	
1
1
1
485	486	495	496	786	787	796	797	
1
1
1
486	487	496	497	787	788	797	798	
1
1
1
487	488	497	498	788	789	798	799	
1
1
1
488	489	498	499	789	790	799	800	
1
1
1
489	490	499	500	790	791	800	801	
1
1
1
490	491	500	501	791	792	801	802	
1
1
1
492	493	502	503	793	794	803	804	
1
1
1
493	494	503	504	794	795	804	805	
1
1
1
494	495	504	505	795	796	805	806	
1
1
1
495	496	505	506	796	797	806	807	
1
1
1
496	497	506	507	797	798	807	808	
1
1
1
497	498	507	508	798	799	808	809	
1
1
1
498	499	508	509	799	800	809	810	
1
1
1
499	500	509	510	800	801	810	811	
1
1
1
500	501	510	511	801	802	811	812	
1
1
1
502	503	512	513	803	804	813	814	
1
1
1
503	504	513	514	804	805	814	815	
1
1
1
504	505	514	515	805	806	815	816	
1
1
1
505	506	515	516	806	807	816	817	
1
1
1
506	507	516	517	807	808	817	818	
1
1
1
507	508	517	518	808	809	818	819	
1
1
1
508	509	518	519	809	810	819	820	
1
1
1
509	510	519	520	810	811	820	821	
1
1
1
510	511	520	521	811	812	821	822	
1
1
1
512	513	522	523	813	814	823	824	
1
1
1
513	514	523	524	814	815	824	825	
1
1
1
514	515	524	525	815	816	825	826	
1
1
1
515	516	525	526	816	817	826	827	
1
1
1
516	517	526	527	817	818	827	828	
1
1
1
517	518	527	528	818	819	828	829	
1
1
1
518	519	528	529	819	820	829	830	
1
1
1
519	520	529	530	820	821	830	831	
1
1
1
520	521	530	531	821	822	831	832	
1
1
1
522	523	532	533	823	824	833	834	
1
1
1
523	524	533	534	824	825	834	835	
1
1
1
524	525	534	535	825	826	835	836	
1
1
1
525	526	535	536	826	827	836	837	
1
1
1
526	527	536	537	827	828	837	838	
1
1
1
527	528	537	538	828	829	838	839	
1
1
1
528	529	538	539	829	830	839	840	
1
1
1
529	530	539	540	830	831	840	841	
1
1
1
530	531	540	541	831	832	841	842	
1
1
1
532	533	542	543	833	834	843	844	
1
1
1
533	534	543	544	834	835	844	845	
1
1
1
534	535	544	545	835	836	845	846	
1
1
1
535	536	545	546	836	837	846	847	
1
1
1
536	537	546	547	837	838	847	848	
1
1
1
537	538	547	548	838	839	848	849	
1
1
1
538	539	548	549	839	840	849	850	
1
1
1
539	540	549	550	840	841	850	851	
1
1
1
540	541	550	551	841	842	851	852	
1
1
1
542	543	552	553	843	844	853	854	
1
1
1
543	544	553	554	844	845	854	855	
1
1
1
544	545	554	555	845	846	855	856	
1
1
1
545	546	555	556	846	847	856	857	
1
1
1
546	547	556	557	847	848	857	858	
1
1
1
547	548	557	558	848	849	858	859	
1
1
1
548	549	558	559	849	850	859	860	
1
1
1
549	550	559	560	850	851	860	861	
1
1
1
550	551	560	561	851	852	861	862	
1
1
1
552	553	562	563	853	854	863	864	
1
1
1
553	554	563	564	854	855	864	865	
1
1
1
554	555	564	565	855	856	865	866	
1
1
1
555	556	565	566	856	857	866	867	
1
1
1
556	557	566	567	857	858	867	868	
1
1
1
557	558	567	568	858	859	868	869	
1
1
1
558	559	568	569	859	860	869	870	
1
1
1
559	560	569	570	860	861	870	871	
1
1
1
560	561	570	571	861	862	871	872	
1
1
1
562	563	572	573	863	864	873	874	
1
1
1
563	564	573	574	864	865	874	875	
1
1
1
564	565	574	575	865	866	875	876	
1
1
1
565	566	575	576	866	867	876	877	
1
1
1
566	567	576	577	867	868	877	878	
1
1
1
567	568	577	578	868	869	878	879	
1
1
1
568	569	578	579	869	870	879	880	
1
1
1
569	570	579	580	870	871	880	881	
1
1
1
570	571	580	581	871	872	881	882	
1
1
1
572	573	582	583	873	874	883	884	
1
1
1
573	574	583	584	874	875	884	885	
1
1
1
574	575	584	585	875	876	885	886	
1
1
1
575	576	585	586	876	877	886	887	
1
1
1
576	577	586	587	877	878	887	888	
1
1
1
577	578	587	588	878	879	888	889	
1
1
1
578	579	588	589	879	880	889	890	
1
1
1
579	580	589	590	880	881	890	891	
1
1
1
580	581	590	591	881	882	891	892	
1
1
1
582	583	592	593	883	884	893	894	
1
1
1
583	584	593	594	884	885	894	895	
1
1
1
584	585	594	595	885	886	895	896	
1
1
1
585	586	595	596	886	887	896	897	
1
1
1
586	587	596	597	887	888	897	898	
1
1
1
587	588	597	598	888	889	898	899	
1
1
1
588	589	598	599	889	890	899	900	
1
1
1
589	590	599	600	890	891	900	901	
1
1
1
590	591	600	601	891	892	901	902	
1
1
1
592	593	302	303	893	894	603	604	
1
1
1
593	594	303	304	894	895	604	605	
1
1
1
594	595	304	305	895	896	605	606	
1
1
1
595	596	305	306	896	897	606	607	
1
1
1
596	597	306	307	897	898	607	608	
1
1
1
597	598	307	308	898	899	608	609	
1
1
1
598	599	308	309	899	900	609	610	
1
1
1
599	600	309	310	900	901	610	611	
1
1
1
600	601	310	311	901	902	611	612	
1
1
1
603	604	613	614	904	905	914	915	
1
1
1
604	605	614	615	905	906	915	916	
1
1
1
605	606	615	616	906	907	916	917	
1
1
1
606	607	616	617	907	908	917	918	
1
1
1
607	608	617	618	908	909	918	919	
1
1
1
608	609	618	619	909	910	919	920	
1
1
1
609	610	619	620	910	911	920	921	
1
1
1
610	611	620	621	911	912	921	922	
1
1
1
611	612	621	622	912	913	922	923	
1
1
1
613	614	623	624	914	915	924	925	
1
1
1
614	615	624	625	915	916	925	926	
1
1
1
615	616	625	626	916	917	926	927	
1
1
1
616	617	626	627	917	918	927	928	
1
1
1
617	618	627	628	918	919	928	929	
1
1
1
618	619	628	629	919	920	929	930	
1
1
1
619	620	629	630	920	921	930	931	
1
1
1
620	621	630	631	921	922	931	932	
1
1
1
621	622	631	632	922	923	932	933	
1
1
1
623	624	633	634	924	925	934	935	
1
1
1
624	625	634	635	925	926	935	936	
1
1
1
625	626	635	636	926	927	936	937	
1
1
1
626	627	636	637	927	928	937	938	
1
1
1
627	628	637	638	928	929	938	939	
1
1
1
628	629	638	639	929	930	939	940	
1
1
1
629	630	639	640	930	931	940	941	
1
1
1
630	631	640	641	931	932	941	942	
1
1
1
631	632	641	642	932	933	942	943	
1
1
1
633	634	643	644	934	935	944	945	
1
1
1
634	635	644	645	935	936	945	946	
1
1
1
635	636	645	646	936	937	946	947	
1
1
1
636	637	646	647	937	938	947	948	
1
1
1
637	638	647	648	938	939	948	949	
1
1
1
638	639	648	649	939	940	949	950	
1
1
1
639	640	649	650	940	941	950	951	
1
1
1
640	641	650	651	941	942	951	952	
1
1
1
641	642	651	652	942	943	952	953	
1
1
1
643	644	653	654	944	945	954	955	
1
1
1
644	645	654	655	945	946	955	956	
1
1
1
645	646	655	656	946	947	956	957	
1
1
1
646	647	656	657	947	948	957	958	
1
1
1
647	648	657	658	948	949	958	959	
1
1
1
648	649	658	659	949	950	959	960	
1
1
1
649	650	659	660	950	951	960	961	
1
1
1
650	651	660	661	951	952	961	962	
1
1
1
651	652	661	662	952	953	962	963	
1
1
1
653	654	663	664	954	955	964	965	
1
1
1
654	655	664	665	955	956	965	966	
1
1
1
655	656	665	666	956	957	966	967	
1
1
1
656	657	666	667	957	958	967	968	
1
1
1
657	658	667	668	958	959	968	969	
1
1
1
658	659	668	669	959	960	969	970	
1
1
1
659	660	669	670	960	961	970	971	
1
1
1
660	661	670	671	961	962	971	972	
1
1
1
661	662	671	672	962	963	972	973	
1
1
1
663	664	673	674	964	965	974	975	
1
1
1
664	665	674	675	965	966	975	976	
1
1
1
665	666	675	676	966	967	976	977	
1
1
1
666	667	676	677	967	968	977	978	
1
1
1
667	668	677	678	968	969	978	979	
1
1
1
668	669	678	679	969	970	979	980	
1
1
1
669	670	679	680	970	971	980	981	
1
1
1
670	671	680	681	971	972	981	982	
1
1
1
671	672	681	682	972	973	982	983	
1
1
1
673	674	683	684	974	975	984	985	
1
1
1
674	675	684	685	975	976	985	986	
1
1
1
675	676	685	686	976	977	986	987	
1
1
1
676	677	686	687	977	978	987	988	
1
1
1
677	678	687	688	978	979	988	989	
1
1
1
678	679	688	689	979	980	989	990	
1
1
1
679	680	689	690	980	981	990	991	
1
1
1
680	681	690	691	981	982	991	992	
1
1
1
681	682	691	692	982	983	992	993	
1
1
1
683	684	693	694	984	985	994	995	
1
1
1
684	685	694	695	985	986	995	996	
1
1
1
685	686	695	696	986	987	996	997	
1
1
1
686	687	696	697	987	988	997	998	
1
1
1
687	688	697	698	988	989	998	999	
1
1
1
688	689	698	699	989	990	999	1000	
1
1
1
689	690	699	700	990	991	1000	1001	
1
1
1
690	691	700	701	991	992	1001	1002	
1
1
1
691	692	701	702	992	993	1002	1003	
1
1
1
693	694	703	704	994	995	1004	1005	
1
1
1
694	695	704	705	995	996	1005	1006	
1
1
1
695	696	705	706	996	997	1006	1007	
1
1
1
696	697	706	707	997	998	1007	1008	
1
1
1
697	698	707	708	998	999	1008	1009	
1
1
1
698	699	708	709	999	1000	1009	1010	
1
1
1
699	700	709	710	1000	1001	1010	1011	
1
1
1
700	701	710	711	1001	1002	1011	1012	
1
1
1
701	702	711	712	1002	1003	1012	1013	
1
1
1
703	704	713	714	1004	1005	1014	1015	
1
1
1
704	705	714	715	1005	1006	1015	1016	
1
1
1
705	706	715	716	1006	1007	1016	1017	
1
1
1
706	707	716	717	1007	1008	1017	1018	
1
1
1
707	708	717	718	1008	1009	1018	1019	
1
1
1
708	709	718	719	1009	1010	1019	1020	
1
1
1
709	710	719	720	1010	1011	1020	1021	
1
1
1
710	711	720	721	1011	1012	1021	1022	
1
1
1
711	712	721	722	1012	1013	1022	1023	
1
1
1
713	714	723	724	1014	1015	1024	1025	
1
1
1
714	715	724	725	1015	1016	1025	1026	
1
1
1
715	716	725	726	1016	1017	1026	1027	
1
1
1
716	717	726	727	1017	1018	1027	1028	
1
1
1
717	718	727	728	1018	1019	1028	1029	
1
1
1
718	719	728	729	1019	1020	1029	1030	
1
1
1
719	720	729	730	1020	1021	1030	1031	
1
1
1
720	721	730	731	1021	1022	1031	1032	
1
1
1
721	722	731	732	1022	1023	1032	1033	
1
1
1
723	724	733	734	1024	1025	1034	1035	
1
1
1
724	725	734	735	1025	1026	1035	1036	
1
1
1
725	726	735	736	1026	1027	1036	1037	
1
1
1
726	727	736	737	1027	1028	1037	1038	
1
1
1
727	728	737	738	1028	1029	1038	1039	
1
1
1
728	729	738	739	1029	1030	1039	1040	
1
1
1
729	730	739	740	1030	1031	1040	1041	
1
1
1
730	731	740	741	1031	1032	1041	1042	
1
1
1
731	732	741	742	1032	1033	1042	1043	
1
1
1
733	734	743	744	1034	1035	1044	1045	
1
1
1
734	735	744	745	1035	1036	1045	1046	
1
1
1
735	736	745	746	1036	1037	1046	1047	
1
1
1
736	737	746	747	1037	1038	1047	1048	
1
1
1
737	738	747	748	1038	1039	1048	1049	
1
1
1
738	739	748	749	1039	1040	1049	1050	
1
1
1
739	740	749	750	1040	1041	1050	1051	
1
1
1
740	741	750	751	1041	1042	1051	1052	
1
1
1
741	742	751	752	1042	1043	1052	1053	
1
1
1
743	744	753	754	1044	1045	1054	1055	
1
1
1
744	745	754	755	1045	1046	1055	1056	
1
1
1
745	746	755	756	1046	1047	1056	1057	
1
1
1
746	747	756	757	1047	1048	1057	1058	
1
1
1
747	748	757	758	1048	1049	1058	1059	
1
1
1
748	749	758	759	1049	1050	1059	1060	
1
1
1
749	750	759	760	1050	1051	1060	1061	
1
1
1
750	751	760	761	1051	1052	1061	1062	
1
1
1
751	752	761	762	1052	1053	1062	1063	
1
1
1
753	754	763	764	1054	1055	1064	1065	
1
1
1
754	755	764	765	1055	1056	1065	1066	
1
1
1
755	756	765	766	1056	1057	1066	1067	
1
1
1
756	757	766	767	1057	1058	1067	1068	
1
1
1
757	758	767	768	1058	1059	1068	1069	
1
1
1
758	759	768	769	1059	1060	1069	1070	
1
1
1
759	760	769	770	1060	1061	1070	1071	
1
1
1
760	761	770	771	1061	1062	1071	1072	
1
1
1
761	762	771	772	1062	1063	1072	1073	
1
1
1
763	764	773	774	1064	1065	1074	1075	
1
1
1
764	765	774	775	1065	1066	1075	1076	
1
1
1
765	766	775	776	1066	1067	1076	1077	
1
1
1
766	767	776	777	1067	1068	1077	1078	
1
1
1
767	768	777	778	1068	1069	1078	1079	
1
1
1
768	769	778	779	1069	1070	1079	1080	
1
1
1
769	770	779	780	1070	1071	1080	1081	
1
1
1
770	771	780	781	1071	1072	1081	1082	
1
1
1
771	772	781	782	1072	1073	1082	1083	
1
1
1
773	774	783	784	1074	1075	1084	1085	
1
1
1
774	775	784	785	1075	1076	1085	1086	
1
1
1
775	776	785	786	1076	1077	1086	1087	
1
1
1
776	777	786	787	1077	1078	1087	1088	
1
1
1
777	778	787	788	1078	1079	1088	1089	
1
1
1
778	779	788	789	1079	1080	1089	1090	
1
1
1
779	780	789	790	1080	1081	1090	1091	
1
1
1
780	781	790	791	1081	1082	1091	1092	
1
1
1
781	782	791	792	1082	1083	1092	1093	
1
1
1
783	784	793	794	1084	1085	1094	1095	
1
1
1
784	785	794	795	1085	1086	1095	1096	
1
1
1
785	786	795	796	1086	1087	1096	1097	
1
1
1
786	787	796	797	1087	1088	1097	1098	
1
1
1
787	788	797	798	1088	1089	1098	1099	
1
1
1
788	789	798	799	1089	1090	1099	1100	
1
1
1
789	790	799	800	1090	1091	1100	1101	
1
1
1
790	791	800	801	1091	1092	1101	1102	
1
1
1
791	792	801	802	1092	1093	1102	1103	
1
1
1
793	794	803	804	1094	1095	1104	1105	
1
1
1
794	795	804	805	1095	1096	1105	1106	
1
1
1
795	796	805	806	1096	1097	1106	1107	
1
1
1
796	797	806	807	1097	1098	1107	1108	
1
1
1
797	798	807	808	1098	1099	1108	1109	
1
1
1
798	799	808	809	1099	1100	1109	1110	
1
1
1
799	800	809	810	1100	1101	1110	1111	
1
1
1
800	801	810	811	1101	1102	1111	1112	
1
1
1
801	802	811	812	1102	1103	1112	1113	
1
1
1
803	804	813	814	1104	1105	1114	1115	
1
1
1
804	805	814	815	1105	1106	1115	1116	
1
1
1
805	806	815	816	1106	1107	1116	1117	
1
1
1
806	807	816	817	1107	1108	1117	1118	
1
1
1
807	808	817	818	1108	1109	1118	1119	
1
1
1
808	809	818	819	1109	1110	1119	1120	
1
1
1
809	810	819	820	1110	1111	1120	1121	
1
1
1
810	811	820	821	1111	1112	1121	1122	
1
1
1
811	812	821	822	1112	1113	1122	1123	
1
1
1
813	814	823	824	1114	1115	1124	1125	
1
1
1
814	815	824	825	1115	1116	1125	1126	
1
1
1
815	816	825	826	1116	1117	1126	1127	
1
1
1
816	817	826	827	1117	1118	1127	1128	
1
1
1
817	818	827	828	1118	1119	1128	1129	
1
1
1
818	819	828	829	1119	1120	1129	1130	
1
1
1
819	820	829	830	1120	1121	1130	1131	
1
1
1
820	821	830	831	1121	1122	1131	1132	
1
1
1
821	822	831	832	1122	1123	1132	1133	
1
1
1
823	824	833	834	1124	1125	1134	1135	
1
1
1
824	825	834	835	1125	1126	1135	1136	
1
1
1
825	826	835	836	1126	1127	1136	1137	
1
1
1
826	827	836	837	1127	1128	1137	1138	
1
1
1
827	828	837	838	1128	1129	1138	1139	
1
1
1
828	829	838	839	1129	1130	1139	1140	
1
1
1
829	830	839	840	1130	1131	1140	1141	
1
1
1
830	831	840	841	1131	1132	1141	1142	
1
1
1
831	832	841	842	1132	1133	1142	1143	
1
1
1
833	834	843	844	1134	1135	1144	1145	
1
1
1
834	835	844	845	1135	1136	1145	1146	
1
1
1
835	836	845	846	1136	1137	1146	1147	
1
1
1
836	837	846	847	1137	1138	1147	1148	
1
1
1
837	838	847	848	1138	1139	1148	1149	
1
1
1
838	839	848	849	1139	1140	1149	1150	
1
1
1
839	840	849	850	1140	1141	1150	1151	
1
1
1
840	841	850	851	1141	1142	1151	1152	
1
1
1
841	842	851	852	1142	1143	1152	1153	
1
1
1
843	844	853	854	1144	1145	1154	1155	
1
1
1
844	845	854	855	1145	1146	1155	1156	
1
1
1
845	846	855	856	1146	1147	1156	1157	
1
1
1
846	847	856	857	1147	1148	1157	1158	
1
1
1
847	848	857	858	1148	1149	1158	1159	
1
1
1
848	849	858	859	1149	1150	1159	1160	
1
1
1
849	850	859	860	1150	1151	1160	1161	
1
1
1
850	851	860	861	1151	1152	1161	1162	
1
1
1
851	852	861	862	1152	1153	1162	1163	
1
1
1
853	854	863	864	1154	1155	1164	1165	
1
1
1
854	855	864	865	1155	1156	1165	1166	
1
1
1
855	856	865	866	1156	1157	1166	1167	
1
1
1
856	857	866	867	1157	1158	1167	1168	
1
1
1
857	858	867	868	1158	1159	1168	1169	
1
1
1
858	859	868	869	1159	1160	1169	1170	
1
1
1
859	860	869	870	1160	1161	1170	1171	
1
1
1
860	861	870	871	1161	1162	1171	1172	
1
1
1
861	862	871	872	1162	1163	1172	1173	
1
1
1
863	864	873	874	1164	1165	1174	1175	
1
1
1
864	865	874	875	1165	1166	1175	1176	
1
1
1
865	866	875	876	1166	1167	1176	1177	
1
1
1
866	867	876	877	1167	1168	1177	1178	
1
1
1
867	868	877	878	1168	1169	1178	1179	
1
1
1
868	869	878	879	1169	1170	1179	1180	
1
1
1
869	870	879	880	1170	1171	1180	1181	
1
1
1
870	871	880	881	1171	1172	1181	1182	
1
1
1
871	872	881	882	1172	1173	1182	1183	
1
1
1
873	874	883	884	1174	1175	1184	1185	
1
1
1
874	875	884	885	1175	1176	1185	1186	
1
1
1
875	876	885	886	1176	1177	1186	1187	
1
1
1
876	877	886	887	1177	1178	1187	1188	
1
1
1
877	878	887	888	1178	1179	1188	1189	
1
1
1
878	879	888	889	1179	1180	1189	1190	
1
1
1
879	880	889	890	1180	1181	1190	1191	
1
1
1
880	881	890	891	1181	1182	1191	1192	
1
1
1
881	882	891	892	1182	1183	1192	1193	
1
1
1
883	884	893	894	1184	1185	1194	1195	
1
1
1
884	885	894	895	1185	1186	1195	1196	
1
1
1
885	886	895	896	1186	1187	1196	1197	
1
1
1
886	887	896	897	1187	1188	1197	1198	
1
1
1
887	888	897	898	1188	1189	1198	1199	
1
1
1
888	889	898	899	1189	1190	1199	1200	
1
1
1
889	890	899	900	1190	1191	1200	1201	
1
1
1
890	891	900	901	1191	1192	1201	1202	
1
1
1
891	892	901	902	1192	1193	1202	1203	
1
1
1
893	894	603	604	1194	1195	904	905	
1
1
1
894	895	604	605	1195	1196	905	906	
1
1
1
895	896	605	606	1196	1197	906	907	
1
1
1
896	897	606	607	1197	1198	907	908	
1
1
1
897	898	607	608	1198	1199	908	909	
1
1
1
898	899	608	609	1199	1200	909	910	
1
1
1
899	900	609	610	1200	1201	910	911	
1
1
1
900	901	610	611	1201	1202	911	912	
1
1
1
901	902	611	612	1202	1203	912	913	
1
1
1
904	905	914	915	1205	1206	1215	1216	
1
1
1
905	906	915	916	1206	1207	1216	1217	
1
1
1
906	907	916	917	1207	1208	1217	1218	
1
1
1
907	908	917	918	1208	1209	1218	1219	
1
1
1
908	909	918	919	1209	1210	1219	1220	
1
1
1
909	910	919	920	1210	1211	1220	1221	
1
1
1
910	911	920	921	1211	1212	1221	1222	
1
1
1
911	912	921	922	1212	1213	1222	1223	
1
1
1
912	913	922	923	1213	1214	1223	1224	
1
1
1
914	915	924	925	1215	1216	1225	1226	
1
1
1
915	916	925	926	1216	1217	1226	1227	
1
1
1
916	917	926	927	1217	1218	1227	1228	
1
1
1
917	918	927	928	1218	1219	1228	1229	
1
1
1
918	919	928	929	1219	1220	1229	1230	
1
1
1
919	920	929	930	1220	1221	1230	1231	
1
1
1
920	921	930	931	1221	1222	1231	1232	
1
1
1
921	922	931	932	1222	1223	1232	1233	
1
1
1
922	923	932	933	1223	1224	1233	1234	
1
1
1
924	925	934	935	1225	1226	1235	1236	
1
1
1
925	926	935	936	1226	1227	1236	1237	
1
1
1
926	927	936	937	1227	1228	1237	1238	
1
1
1
927	928	937	938	1228	1229	1238	1239	
1
1
1
928	929	938	939	1229	1230	1239	1240	
1
1
1
929	930	939	940	1230	1231	1240	1241	
1
1
1
930	931	940	941	1231	1232	1241	1242	
1
1
1
931	932	941	942	1232	1233	1242	1243	
1
1
1
932	933	942	943	1233	1234	1243	1244	
1
1
1
934	935	944	945	1235	1236	1245	1246	
1
1
1
935	936	945	946	1236	1237	1246	1247	
1
1
1
936	937	946	947	1237	1238	1247	1248	
1
1
1
937	938	947	948	1238	1239	1248	1249	
1
1
1
938	939	948	949	1239	1240	1249	1250	
1
1
1
939	940	949	950	1240	1241	1250	1251	
1
1
1
940	941	950	951	1241	1242	1251	1252	
1
1
1
941	942	951	952	1242	1243	1252	1253	
1
1
1
942	943	952	953	1243	1244	1253	1254	
1
1
1
944	945	954	955	1245	1246	1255	1256	
1
1
1
945	946	955	956	1246	1247	1256	1257	
1
1
1
946	947	956	957	1247	1248	1257	1258	
1
1
1
947	948	957	958	1248	1249	1258	1259	
1
1
1
948	949	958	959	1249	1250	1259	1260	
1
1
1
949	950	959	960	1250	1251	1260	1261	
1
1
1
950	951	960	961	1251	1252	1261	1262	
1
1
1
951	952	961	962	1252	1253	1262	1263	
1
1
1
952	953	962	963	1253	1254	1263	1264	
1
1
1
954	955	964	965	1255	1256	1265	1266	
1
1
1
955	956	965	966	1256	1257	1266	1267	
1
1
1
956	957	966	967	1257	1258	1267	1268	
1
1
1
957	958	967	968	1258	1259	1268	1269	
1
1
1
958	959	968	969	1259	1260	1269	1270	
1
1
1
959	960	969	970	1260	1261	1270	1271	
1
1
1
960	961	970	971	1261	1262	1271	1272	
1
1
1
961	962	971	972	1262	1263	1272	1273	
1
1
1
962	963	972	973	1263	1264	1273	1274	
1
1
1
964	965	974	975	1265	1266	1275	1276	
1
1
1
965	966	975	976	1266	1267	1276	1277	
1
1
1
966	967	976	977	1267	1268	1277	1278	
1
1
1
967	968	977	978	1268	1269	1278	1279	
1
1
1
968	969	978	979	1269	1270	1279	1280	
1
1
1
969	970	979	980	1270	1271	1280	1281	
1
1
1
970	971	980	981	1271	1272	1281	1282	
1
1
1
971	972	981	982	1272	1273	1282	1283	
1
1
1
972	973	982	983	1273	1274	1283	1284	
1
1
1
974	975	984	985	1275	1276	1285	1286	
1
1
1
975	976	985	986	1276	1277	1286	1287	
1
1
1
976	977	986	987	1277	1278	1287	1288	
1
1
1
977	978	987	988	1278	1279	1288	1289	
1
1
1
978	979	988	989	1279	1280	1289	1290	
1
1
1
979	980	989	990	1280	1281	1290	1291	
1
1
1
980	981	990	991	1281	1282	1291	1292	
1
1
1
981	982	991	992	1282	1283	1292	1293	
1
1
1
982	983	992	993	1283	1284	1293	1294	
1
1
1
984	985	994	995	1285	1286	1295	1296	
1
1
1
985	986	995	996	1286	1287	1296	1297	
1
1
1
986	987	996	997	1287	1288	1297	1298	
1
1
1
987	988	997	998	1288	1289	1298	1299	
1
1
1
988	989	998	999	1289	1290	1299	1300	
1
1
1
989	990	999	1000	1290	1291	1300	1301	
1
1
1
990	991	1000	1001	1291	1292	1301	1302	
1
1
1
991	992	1001	1002	1292	1293	1302	1303	
1
1
1
992	993	1002	1003	1293	1294	1303	1304	
1
1
1
994	995	1004	1005	1295	1296	1305	1306	
1
1
1
995	996	1005	1006	1296	1297	1306	1307	
1
1
1
996	997	1006	1007	1297	1298	1307	1308	
1
1
1
997	998	1007	1008	1298	1299	1308	1309	
1
1
1
998	999	1008	1009	1299	1300	1309	1310	
1
1
1
999	1000	1009	1010	1300	1301	1310	1311	
1
1
1
1000	1001	1010	1011	1301	1302	1311	1312	
1
1
1
1001	1002	1011	1012	1302	1303	1312	1313	
1
1
1
1002	1003	1012	1013	1303	1304	1313	1314	
1
1
1
1004	1005	1014	1015	1305	1306	1315	1316	
1
1
1
1005	1006	1015	1016	1306	1307	1316	1317	
1
1
1
1006	1007	1016	1017	1307	1308	1317	1318	
1
1
1
1007	1008	1017	1018	1308	1309	1318	1319	
1
1
1
1008	1009	1018	1019	1309	1310	1319	1320	
1
1
1
1009	1010	1019	1020	1310	1311	1320	1321	
1
1
1
1010	1011	1020	1021	1311	1312	1321	1322	
1
1
1
1011	1012	1021	1022	1312	1313	1322	1323	
1
1
1
1012	1013	1022	1023	1313	1314	1323	1324	
1
1
1
1014	1015	1024	1025	1315	1316	1325	1326	
1
1
1
1015	1016	1025	1026	1316	1317	1326	1327	
1
1
1
1016	1017	1026	1027	1317	1318	1327	1328	
1
1
1
1017	1018	1027	1028	1318	1319	1328	1329	
1
1
1
1018	1019	1028	1029	1319	1320	1329	1330	
1
1
1
1019	1020	1029	1030	1320	1321	1330	1331	
1
1
1
1020	1021	1030	1031	1321	1322	1331	1332	
1
1
1
1021	1022	1031	1032	1322	1323	1332	1333	
1
1
1
1022	1023	1032	1033	1323	1324	1333	1334	
1
1
1
1024	1025	1034	1035	1325	1326	1335	1336	
1
1
1
1025	1026	1035	1036	1326	1327	1336	1337	
1
1
1
1026	1027	1036	1037	1327	1328	1337	1338	
1
1
1
1027	1028	1037	1038	1328	1329	1338	1339	
1
1
1
1028	1029	1038	1039	1329	1330	1339	1340	
1
1
1
1029	1030	1039	1040	1330	1331	1340	1341	
1
1
1
1030	1031	1040	1041	1331	1332	1341	1342	
1
1
1
1031	1032	1041	1042	1332	1333	1342	1343	
1
1
1
1032	1033	1042	1043	1333	1334	1343	1344	
1
1
1
1034	1035	1044	1045	1335	1336	1345	1346	
1
1
1
1035	1036	1045	1046	1336	1337	1346	1347	
1
1
1
1036	1037	1046	1047	1337	1338	1347	1348	
1
1
1
1037	1038	1047	1048	1338	1339	1348	1349	
1
1
1
1038	1039	1048	1049	1339	1340	1349	1350	
1
1
1
1039	1040	1049	1050	1340	1341	1350	1351	
1
1
1
1040	1041	1050	1051	1341	1342	1351	1352	
1
1
1
1041	1042	1051	1052	1342	1343	1352	1353	
1
1
1
1042	1043	1052	1053	1343	1344	1353	1354	
1
1
1
1044	1045	1054	1055	1345	1346	1355	1356	
1
1
1
1045	1046	1055	1056	1346	1347	1356	1357	
1
1
1
1046	1047	1056	1057	1347	1348	1357	1358	
1
1
1
1047	1048	1057	1058	1348	1349	1358	1359	
1
1
1
1048	1049	1058	1059	1349	1350	1359	1360	
1
1
1
1049	1050	1059	1060	1350	1351	1360	1361	
1
1
1
1050	1051	1060	1061	1351	1352	1361	1362	
1
1
1
1051	1052	1061	1062	1352	1353	1362	1363	
1
1
1
1052	1053	1062	1063	1353	1354	1363	1364	
1
1
1
1054	1055	1064	1065	1355	1356	1365	1366	
1
1
1
1055	1056	1065	1066	1356	1357	1366	1367	
1
1
1
1056	1057	1066	1067	1357	1358	1367	1368	
1
1
1
1057	1058	1067	1068	1358	1359	1368	1369	
1
1
1
1058	1059	1068	1069	1359	1360	1369	1370	
1
1
1
1059	1060	1069	1070	1360	1361	1370	1371	
1
1
1
1060	1061	1070	1071	1361	1362	1371	1372	
1
1
1
1061	1062	1071	1072	1362	1363	1372	1373	
1
1
1
1062	1063	1072	1073	1363	1364	1373	1374	
1
1
1
1064	1065	1074	1075	1365	1366	1375	1376	
1
1
1
1065	1066	1075	1076	1366	1367	1376	1377	
1
1
1
1066	1067	1076	1077	1367	1368	1377	1378	
1
1
1
1067	1068	1077	1078	1368	1369	1378	1379	
1
1
1
1068	1069	1078	1079	1369	1370	1379	1380	
1
1
1
1069	1070	1079	1080	1370	1371	1380	1381	
1
1
1
1070	1071	1080	1081	1371	1372	1381	1382	
1
1
1
1071	1072	1081	1082	1372	1373	1382	1383	
1
1
1
1072	1073	1082	1083	1373	1374	1383	1384	
1
1
1
1074	1075	1084	1085	1375	1376	1385	1386	
1
1
1
1075	1076	1085	1086	1376	1377	1386	1387	
1
1
1
1076	1077	1086	1087	1377	1378	1387	1388	
1
1
1
1077	1078	1087	1088	1378	1379	1388	1389	
1
1
1
1078	1079	1088	1089	1379	1380	1389	1390	
1
1
1
1079	1080	1089	1090	1380	1381	1390	1391	
1
1
1
1080	1081	1090	1091	1381	1382	1391	1392	
1
1
1
1081	1082	1091	1092	1382	1383	1392	1393	
1
1
1
1082	1083	1092	1093	1383	1384	1393	1394	
1
1
1
1084	1085	1094	1095	1385	1386	1395	1396	
1
1
1
1085	1086	1095	1096	1386	1387	1396	1397	
1
1
1
1086	1087	1096	1097	1387	1388	1397	1398	
1
1
1
1087	1088	1097	1098	1388	1389	1398	1399	
1
1
1
1088	1089	1098	1099	1389	1390	1399	1400	
1
1
1
1089	1090	1099	1100	1390	1391	1400	1401	
1
1
1
1090	1091	1100	1101	1391	1392	1401	1402	
1
1
1
1091	1092	1101	1102	1392	1393	1402	1403	
1
1
1
1092	1093	1102	1103	1393	1394	1403	1404	
1
1
1
1094	1095	1104	1105	1395	1396	1405	1406	
1
1
1
1095	1096	1105	1106	1396	1397	1406	1407	
1
1
1
1096	1097	1106	1107	1397	1398	1407	1408	
1
1
1
1097	1098	1107	1108	1398	1399	1408	1409	
1
1
1
1098	1099	1108	1109	1399	1400	1409	1410	
1
1
1
1099	1100	1109	1110	1400	1401	1410	1411	
1
1
1
1100	1101	1110	1111	1401	1402	1411	1412	
1
1
1
1101	1102	1111	1112	1402	1403	1412	1413	
1
1
1
1102	1103	1112	1113	1403	1404	1413	1414	
1
1
1
1104	1105	1114	1115	1405	1406	1415	1416	
1
1
1
1105	1106	1115	1116	1406	1407	1416	1417	
1
1
1
1106	1107	1116	1117	1407	1408	1417	1418	
1
1
1
1107	1108	1117	1118	1408	1409	1418	1419	
1
1
1
1108	1109	1118	1119	1409	1410	1419	1420	
1
1
1
1109	1110	1119	1120	1410	1411	1420	1421	
1
1
1
1110	1111	1120	1121	1411	1412	1421	1422	
1
1
1
1111	1112	1121	1122	1412	1413	1422	1423	
1
1
1
1112	1113	1122	1123	1413	1414	1423	1424	
1
1
1
1114	1115	1124	1125	1415	1416	1425	1426	
1
1
1
1115	1116	1125	1126	1416	1417	1426	1427	
1
1
1
1116	1117	1126	1127	1417	1418	1427	1428	
1
1
1
1117	1118	1127	1128	1418	1419	1428	1429	
1
1
1
1118	1119	1128	1129	1419	1420	1429	1430	
1
1
1
1119	1120	1129	1130	1420	1421	1430	1431	
1
1
1
1120	1121	1130	1131	1421	1422	1431	1432	
1
1
1
1121	1122	1131	1132	1422	1423	1432	1433	
1
1
1
1122	1123	1132	1133	1423	1424	1433	1434	
1
1
1
1124	1125	1134	1135	1425	1426	1435	1436	
1
1
1
1125	1126	1135	1136	1426	1427	1436	1437	
1
1
1
1126	1127	1136	1137	1427	1428	1437	1438	
1
1
1
1127	1128	1137	1138	1428	1429	1438	1439	
1
1
1
1128	1129	1138	1139	1429	1430	1439	1440	
1
1
1
1129	1130	1139	1140	1430	1431	1440	1441	
1
1
1
1130	1131	1140	1141	1431	1432	1441	1442	
1
1
1
1131	1132	1141	1142	1432	1433	1442	1443	
1
1
1
1132	1133	1142	1143	1433	1434	1443	1444	
1
1
1
1134	1135	1144	1145	1435	1436	1445	1446	
1
1
1
1135	1136	1145	1146	1436	1437	1446	1447	
1
1
1
1136	1137	1146	1147	1437	1438	1447	1448	
1
1
1
1137	1138	1147	1148	1438	1439	1448	1449	
1
1
1
1138	1139	1148	1149	1439	1440	1449	1450	
1
1
1
1139	1140	1149	1150	1440	1441	1450	1451	
1
1
1
1140	1141	1150	1151	1441	1442	1451	1452	
1
1
1
1141	1142	1151	1152	1442	1443	1452	1453	
1
1
1
1142	1143	1152	1153	1443	1444	1453	1454	
1
1
1
1144	1145	1154	1155	1445	1446	1455	1456	
1
1
1
1145	1146	1155	1156	1446	1447	1456	1457	
1
1
1
1146	1147	1156	1157	1447	1448	1457	1458	
1
1
1
1147	1148	1157	1158	1448	1449	1458	1459	
1
1
1
1148	1149	1158	1159	1449	1450	1459	1460	
1
1
1
1149	1150	1159	1160	1450	1451	1460	1461	
1
1
1
1150	1151	1160	1161	1451	1452	1461	1462	
1
1
1
1151	1152	1161	1162	1452	1453	1462	1463	
1
1
1
1152	1153	1162	1163	1453	1454	1463	1464	
1
1
1
1154	1155	1164	1165	1455	1456	1465	1466	
1
1
1
1155	1156	1165	1166	1456	1457	1466	1467	
1
1
1
1156	1157	1166	1167	1457	1458	1467	1468	
1
1
1
1157	1158	1167	1168	1458	1459	1468	1469	
1
1
1
1158	1159	1168	1169	1459	1460	1469	1470	
1
1
1
1159	1160	1169	1170	1460	1461	1470	1471	
1
1
1
1160	1161	1170	1171	1461	1462	1471	1472	
1
1
1
1161	1162	1171	1172	1462	1463	1472	1473	
1
1
1
1162	1163	1172	1173	1463	1464	1473	1474	
1
1
1
1164	1165	1174	1175	1465	1466	1475	1476	
1
1
1
1165	1166	1175	1176	1466	1467	1476	1477	
1
1
1
1166	1167	1176	1177	1467	1468	1477	1478	
1
1
1
1167	1168	1177	1178	1468	1469	1478	1479	
1
1
1
1168	1169	1178	1179	1469	1470	1479	1480	
1
1
1
1169	1170	1179	1180	1470	1471	1480	1481	
1
1
1
1170	1171	1180	1181	1471	1472	1481	1482	
1
1
1
1171	1172	1181	1182	1472	1473	1482	1483	
1
1
1
1172	1173	1182	1183	1473	1474	1483	1484	
1
1
1
1174	1175	1184	1185	1475	1476	1485	1486	
1
1
1
1175	1176	1185	1186	1476	1477	1486	1487	
1
1
1
1176	1177	1186	1187	1477	1478	1487	1488	
1
1
1
1177	1178	1187	1188	1478	1479	1488	1489	
1
1
1
1178	1179	1188	1189	1479	1480	1489	1490	
1
1
1
1179	1180	1189	1190	1480	1481	1490	1491	
1
1
1
1180	1181	1190	1191	1481	1482	1491	1492	
1
1
1
1181	1182	1191	1192	1482	1483	1492	1493	
1
1
1
1182	1183	1192	1193	1483	1484	1493	1494	
1
1
1
1184	1185	1194	1195	1485	1486	1495	1496	
1
1
1
1185	1186	1195	1196	1486	1487	1496	1497	
1
1
1
1186	1187	1196	1197	1487	1488	1497	1498	
1
1
1
1187	1188	1197	1198	1488	1489	1498	1499	
1
1
1
1188	1189	1198	1199	1489	1490	1499	1500	
1
1
1
1189	1190	1199	1200	1490	1491	1500	1501	
1
1
1
1190	1191	1200	1201	1491	1492	1501	1502	
1
1
1
1191	1192	1201	1202	1492	1493	1502	1503	
1
1
1
1192	1193	1202	1203	1493	1494	1503	1504	
1
1
1
1194	1195	904	905	1495	1496	1205	1206	
1
1
1
1195	1196	905	906	1496	1497	1206	1207	
1
1
1
1196	1197	906	907	1497	1498	1207	1208	
1
1
1
1197	1198	907	908	1498	1499	1208	1209	
1
1
1
1198	1199	908	909	1499	1500	1209	1210	
1
1
1
1199	1200	909	910	1500	1501	1210	1211	
1
1
1
1200	1201	910	911	1501	1502	1211	1212	
1
1
1
1201	1202	911	912	1502	1503	1212	1213	
1
1
1
1202	1203	912	913	1503	1504	1213	1214	
1
1
1
