120
0	1	11	301	302	312	
1
1
1
0	11	21	301	312	322	
1
1
1
0	21	31	301	322	332	
1
1
1
0	31	41	301	332	342	
1
1
1
0	41	51	301	342	352	
1
1
1
0	51	61	301	352	362	
1
1
1
0	61	71	301	362	372	
1
1
1
0	71	81	301	372	382	
1
1
1
0	81	91	301	382	392	
1
1
1
0	91	101	301	392	402	
1
1
1
0	101	111	301	402	412	
1
1
1
0	111	121	301	412	422	
1
1
1
0	121	131	301	422	432	
1
1
1
0	131	141	301	432	442	
1
1
1
0	141	151	301	442	452	
1
1
1
0	151	161	301	452	462	
1
1
1
0	161	171	301	462	472	
1
1
1
0	171	181	301	472	482	
1
1
1
0	181	191	301	482	492	
1
1
1
0	191	201	301	492	502	
1
1
1
0	201	211	301	502	512	
1
1
1
0	211	221	301	512	522	
1
1
1
0	221	231	301	522	532	
1
1
1
0	231	241	301	532	542	
1
1
1
0	241	251	301	542	552	
1
1
1
0	251	261	301	552	562	
1
1
1
0	261	271	301	562	572	
1
1
1
0	271	281	301	572	582	
1
1
1
0	281	291	301	582	592	
1
1
1
0	291	1	301	592	302	
1
1
1
301	302	312	602	603	613	
1
1
1
301	312	322	602	613	623	
1
1
1
301	322	332	602	623	633	
1
1
1
301	332	342	602	633	643	
1
1
1
301	342	352	602	643	653	
1
1
1
301	352	362	602	653	663	
1
1
1
301	362	372	602	663	673	
1
1
1
301	372	382	602	673	683	
1
1
1
301	382	392	602	683	693	
1
1
1
301	392	402	602	693	703	
1
1
1
301	402	412	602	703	713	
1
1
1
301	412	422	602	713	723	
1
1
1
301	422	432	602	723	733	
1
1
1
301	432	442	602	733	743	
1
1
1
301	442	452	602	743	753	
1
1
1
301	452	462	602	753	763	
1
1
1
301	462	472	602	763	773	
1
1
1
301	472	482	602	773	783	
1
1
1
301	482	492	602	783	793	
1
1
1
301	492	502	602	793	803	
1
1
1
301	502	512	602	803	813	
1
1
1
301	512	522	602	813	823	
1
1
1
301	522	532	602	823	833	
1
1
1
301	532	542	602	833	843	
1
1
1
301	542	552	602	843	853	
1
1
1
301	552	562	602	853	863	
1
1
1
301	562	572	602	863	873	
1
1
1
301	572	582	602	873	883	
1
1
1
301	582	592	602	883	893	
1
1
1
301	592	302	602	893	603	
1
1
1
602	603	613	903	904	914	
1
1
1
602	613	623	903	914	924	
1
1
1
602	623	633	903	924	934	
1
1
1
602	633	643	903	934	944	
1
1
1
602	643	653	903	944	954	
1
1
1
602	653	663	903	954	964	
1
1
1
602	663	673	903	964	974	
1
1
1
602	673	683	903	974	984	
1
1
1
602	683	693	903	984	994	
1
1
1
602	693	703	903	994	1004	
1
1
1
602	703	713	903	1004	1014	
1
1
1
602	713	723	903	1014	1024	
1
1
1
602	723	733	903	1024	1034	
1
1
1
602	733	743	903	1034	1044	
1
1
1
602	743	753	903	1044	1054	
1
1
1
602	753	763	903	1054	1064	
1
1
1
602	763	773	903	1064	1074	
1
1
1
602	773	783	903	1074	1084	
1
1
1
602	783	793	903	1084	1094	
1
1
1
602	793	803	903	1094	1104	
1
1
1
602	803	813	903	1104	1114	
1
1
1
602	813	823	903	1114	1124	
1
1
1
602	823	833	903	1124	1134	
1
1
1
602	833	843	903	1134	1144	
1
1
1
602	843	853	903	1144	1154	
1
1
1
602	853	863	903	1154	1164	
1
1
1
602	863	873	903	1164	1174	
1
1
1
602	873	883	903	1174	1184	
1
1
1
602	883	893	903	1184	1194	
1
1
1
602	893	603	903	1194	904	
1
1
1
903	904	914	1204	1205	1215	
1
1
1
903	914	924	1204	1215	1225	
1
1
1
903	924	934	1204	1225	1235	
1
1
1
903	934	944	1204	1235	1245	
1
1
1
903	944	954	1204	1245	1255	
1
1
1
903	954	964	1204	1255	1265	
1
1
1
903	964	974	1204	1265	1275	
1
1
1
903	974	984	1204	1275	1285	
1
1
1
903	984	994	1204	1285	1295	
1
1
1
903	994	1004	1204	1295	1305	
1
1
1
903	1004	1014	1204	1305	1315	
1
1
1
903	1014	1024	1204	1315	1325	
1
1
1
903	1024	1034	1204	1325	1335	
1
1
1
903	1034	1044	1204	1335	1345	
1
1
1
903	1044	1054	1204	1345	1355	
1
1
1
903	1054	1064	1204	1355	1365	
1
1
1
903	1064	1074	1204	1365	1375	
1
1
1
903	1074	1084	1204	1375	1385	
1
1
1
903	1084	1094	1204	1385	1395	
1
1
1
903	1094	1104	1204	1395	1405	
1
1
1
903	1104	1114	1204	1405	1415	
1
1
1
903	1114	1124	1204	1415	1425	
1
1
1
903	1124	1134	1204	1425	1435	
1
1
1
903	1134	1144	1204	1435	1445	
1
1
1
903	1144	1154	1204	1445	1455	
1
1
1
903	1154	1164	1204	1455	1465	
1
1
1
903	1164	1174	1204	1465	1475	
1
1
1
903	1174	1184	1204	1475	1485	
1
1
1
903	1184	1194	1204	1485	1495	
1
1
1
903	1194	904	1204	1495	1205	
1
1
1
